8674,29
11624,95
2276,17
2606,21
416,39
14989,45
6400,01
5856,00
13415,77
12077,33
8519,33
8532,65
2652,13
5112,77
5383,27
8965,40
8010,58
1165,34
4196,24
13905,92
8782,54
13136,28
2933,02
14881,07
12268,27
4546,07
12180,21
6840,70
1943,91
8718,48
5776,87
10832,15
278,39
3119,75
6014,10
4799,04
9086,52
5516,47
7527,60
12928,54
9055,93
8902,47
1003,66
6687,92
3166,37
4922,35
3004,56
7800,01
5158,07
7405,12
6978,89
5411,75
10499,20
14383,71
3605,65
11949,24
11183,30
6719,78
11761,72
6519,55
13657,30
14438,98
8254,42
2623,71
8850,94
12450,78
6252,31
13484,18
6235,31
7108,31
12411,26
3430,20
13455,11
8556,40
3326,92
12922,00
12089,15
2726,04
10792,59
8732,55
8961,86
13832,15
13126,03
11294,90
2999,34
9208,83
1297,80
13476,75
6737,82
854,98
12856,62
14534,95
14348,25
10610,61
13133,41
11881,90
4220,53
12964,03
10960,05
10865,03
6061,11
2151,01
6234,25
764,94
2929,85
8325,87
1340,70
4568,51
3329,76
3163,14
11764,55
9043,88
10579,35
13196,65
3330,97
182,04
1231,23
1409,62
2840,34
491,10
11420,50
811,96
1254,14
4493,99
5283,57
5753,99
2117,39
7690,90
6130,45
6545,19
12351,98
2219,11
14459,16
9388,75
744,37
7407,94
1554,06
10699,47
10758,04
8755,05
1975,63
5916,71
5071,02
392,44
12231,16
3685,47
4795,22
4915,08
2990,28
7954,57
5744,87
11247,93
11678,45
9030,85
4359,03
868,83
2592,63
14018,38
14714,46
13824,55
9249,75
3599,47
13356,36
5781,22
14206,89
11108,50
3931,54
5504,76
12586,14
14993,69
4325,60
1555,02
4479,10
11188,98
5547,91
13376,14
10709,45
10430,38
14481,14
5141,80
7217,81
3257,86
14507,38
7454,85
14562,15
4301,63
801,75
7327,79
3934,13
12804,10
5188,64
395,45
10992,55
1732,50
8498,46
14352,71
9059,72
10044,26
10728,50
7615,67
5297,22
2162,87
14985,32
11625,53
3954,67
8652,98
4757,99
8907,99
14888,07
239,24
3570,65
8703,57
11850,88
3446,60
6286,59
11557,27
14944,72
8598,91
11191,96
10340,47
4457,39
91,49
13763,83
12949,18
9903,78
14406,52
3448,52
14307,34
9271,55
8852,97
1612,75
4757,99
749,54
855,36
8388,92
5523,01
5083,90
7489,55
7850,69
3125,04
4356,27
9762,90
1323,65
1821,94
3794,22
7135,44
5931,89
8782,45
442,71
13616,09
7813,25
14895,89
5543,62
14426,62
242,67
10119,50
9950,60
1648,39
56,12
2015,11
5101,11
8740,30
2820,93
13707,55
12448,64
14570,11
1787,18
13630,39
10515,64
1837,15
8180,41
3725,01
2779,43
14398,22
14205,86
5126,06
11238,34
1073,16
12363,26
9752,07
1262,99
1300,37
6331,17
2799,63
11964,54
6041,43
6936,49
9172,02
10916,18
3981,36
12559,60
11903,24
7383,74
11148,78
204,52
11607,14
9703,43
3698,98
14382,53
1548,91
13098,56
10584,39
6878,74
14827,20
10573,36
5251,01
9509,95
176,99
4661,06
853,56
12193,89
1407,78
4675,66
14003,42
13225,01
11400,96
9328,53
5493,13
2018,11
11393,91
11832,27
7656,33
2730,50
4732,01
10152,68
7610,11
3270,36
1068,12
1924,21
5706,90
6614,05
11755,61
3534,65
4304,68
4602,06
827,13
14723,34
13594,59
13278,20
7929,16
8968,64
7859,73
12387,67
3705,21
8799,10
10466,17
9830,17
12921,74
12668,82
12915,17
2451,83
14379,17
4158,34
10636,11
13009,77
1072,00
3679,16
13487,00
14109,71
2853,92
8793,63
6824,60
5351,08
878,28
13561,73
9221,71
6931,03
1994,25
13617,16
6814,50
5605,03
3122,68
12061,82
1211,68
10822,19
3440,78
4395,30
7910,23
13863,20
7622,70
412,56
1663,75
10975,89
5826,34
6189,09
2275,85
2174,57
7380,78
9086,72
13771,11
1951,57
11614,71
8455,23
2298,28
12541,80
5018,33
9182,13
12939,00
5077,20
981,62
12903,52
12412,56
4988,58
12762,58
14454,96
1464,06
5913,07
5621,13
10138,00
12868,49
13302,47
9871,75
276,15
3981,55
6068,28
7247,90
11229,94
10272,22
7699,67
8760,89
1594,46
12873,45
2453,32
12905,58
13736,77
12785,12
9988,53
9291,10
12306,31
1408,74
6838,71
12672,42
1573,44
12757,52
12689,78
508,71
11513,46
13004,46
13186,46
10396,71
894,53
8626,48
2586,82
4316,26
10114,84
9515,99
7828,17
2373,37
7976,36
7455,54
4573,63
321,91
6995,11
13173,34
11505,78
460,80
2292,81
6826,52
350,97
11462,40
9201,90
8336,48
13236,90
859,34
10167,33
11892,82
6493,45
13679,68
14723,22
11188,18
11483,82
13894,84
9299,27
9004,78
9374,07
7161,50
11533,55
9322,89
7741,60
2916,04
4868,25
1900,51
13583,94
9714,13
11545,24
4679,51
1954,10
14084,68
14764,38
13324,64
9664,58
4044,99
12668,27
6847,01
10855,71
9533,12
8523,19
3105,14
11204,67
8427,45
997,74
5183,49
9237,10
12734,55
9163,29
10876,39
4770,61
4520,07
1595,34
4345,99
12139,15
4949,11
4308,11
14298,27
7531,32
9792,32
2873,18
9482,71
12631,22
2247,26
14718,10
9874,48
1950,80
8819,11
9853,00
1487,73
6671,51
10348,03
7127,04
5222,95
12334,90
11683,25
551,17
10678,34
3336,70
14126,15
2579,73
11765,95
7528,63
14040,44
11845,41
13486,13
568,98
2543,97
6654,03
6383,22
7636,93
14351,70
9597,74
6623,04
2536,37
2156,81
3460,48
10116,01
6843,65
10948,12
6872,34
8648,76
12286,18
11675,90
7322,85
13088,92
10289,76
7113,57
5269,32
3360,88
14029,01
12594,80
8228,70
8813,56
14634,22
10411,23
4979,74
656,07
8876,05
6817,54
4017,40
8637,73
8096,55
5670,51
3173,76
8406,90
7553,66
14765,20
10463,95
10301,99
2696,82
6206,63
2648,88
12349,18
1754,18
3198,99
4664,01
13087,05
4249,93
7034,20
14295,38
7089,21
11639,02
11532,86
14466,26
8956,37
5911,86
2193,42
8841,83
4857,43
9406,62
6367,41
3509,84
12971,44
360,15
8627,03
134,13
4850,69
3612,44
9214,24
5605,92
2373,13
10063,67
6281,21
14844,13
6134,50
751,61
8113,66
2659,97
5611,51
12069,61
10241,70
8382,65
14381,45
10268,75
14089,91
11392,05
14343,02
9878,40
13128,74
3868,46
9924,18
428,36
9499,28
5457,63
13163,43
13390,63
8121,82
12746,93
4033,92
3586,38
2488,18
434,02
14316,39
14227,13
9669,96
11313,45
8588,87
6098,91
5289,38
11420,45
4668,68
5636,60
13179,11
2024,13
5177,57
5222,95
2882,38
3246,00
4369,35
5967,86
7829,66
10233,97
1779,36
6401,53
13052,63
5443,16
4613,15
14715,87
13671,19
10818,36
14364,59
5547,00
14194,22
10621,54
12182,73
5625,94
7652,20
5304,16
9740,25
14757,32
13896,67
13615,93
3451,12
8806,80
3072,47
6722,46
9235,17
10559,72
6586,66
11115,57
135,29
7957,98
10991,24
11180,82
11184,49
7566,70
7930,34
2530,35
977,06
12620,99
9081,63
4246,49
10227,13
13585,52
13697,33
12232,97
4971,44
3665,68
13409,57
2994,59
14450,75
1654,23
7462,03
8486,78
3050,48
8768,70
13134,28
2888,12
5639,17
6900,72
6110,12
242,75
12462,40
9429,67
10323,19
6941,92
2918,42
9777,68
13867,66
6560,76
8650,73
13954,19
9491,36
538,98
14330,57
5508,00
461,92
7600,40
2763,32
4884,41
12830,96
4769,28
9481,91
9514,85
12112,99
12246,28
282,70
7750,32
2046,08
9365,97
8920,03
12826,11
7192,49
10902,74
2165,72
14155,11
11616,97
13849,18
8728,74
2154,31
1804,56
9858,63
6537,57
2703,27
12883,39
3136,98
3942,55
1757,82
7926,53
2479,32
5786,05
236,10
6399,27
7632,99
231,85
6757,67
8526,23
2656,09
1244,75
10758,63
8493,02
13362,32
1349,91
1046,45
4779,37
9673,95
7143,61
6550,45
6549,46
5066,87
8034,90
12215,54
13746,85
2549,61
11406,85
11424,43
12082,60
9257,92
14044,20
4402,34
7049,08
12313,52
8761,79
12051,38
13571,37
11087,26
10841,18
5157,86
11977,62
8421,29
4686,18
7559,40
7618,82
2424,44
13477,24
13733,49
13143,56
10543,83
6789,25
1112,66
13441,26
3867,43
14511,12
482,55
5638,01
3447,57
2798,10
9605,89
9061,55
4058,63
1504,94
5995,31
1388,12
12127,19
10613,59
3907,28
4244,12
6476,48
4160,99
6385,67
12288,49
11554,00
3729,17
11214,62
9904,04
5414,55
9587,57
9038,73
1515,38
5660,82
11773,32
8059,29
724,95
297,02
10759,88
13766,85
169,41
6148,60
2024,37
857,17
78,07
12546,02
9579,78
13522,75
2115,52
11369,23
10555,68
6802,17
3622,86
2095,26
10454,02
190,23
3418,34
3800,01
2552,67
2509,44
13951,42
101,39
1941,51
13217,07
1165,67
11488,08
13831,52
11282,20
713,31
9862,16
322,09
6432,55
7624,70
3479,70
7132,87
4693,66
1690,88
12417,80
13860,85
673,86
13793,31
6732,67
6944,90
368,56
29,74
113,19
8381,08
3168,21
10895,68
10027,07
10185,44
9185,71
325,43
817,59
14460,82
1581,77
11477,06
7406,89
5693,93
6552,84
265,45
3895,21
13404,19
5284,21
12746,72
6649,40
2291,50
9268,60
6009,75
14385,67
8375,76
3667,67
11645,65
6988,28
8948,45
1044,41
11581,59
13773,04
893,17
1710,00
13933,54
5832,70
4956,45
6746,24
13015,00
10644,85
3429,77
1050,01
4566,17
4237,94
3791,99
7407,26
4263,38
6802,06
2125,69
11572,86
13205,58
14103,84
11586,99
10655,65
1688,23
2961,85
1103,57
991,06
2685,76
744,05
5913,73
9102,84
11779,08
1575,19
7983,34
13061,98
868,61
600,09
1426,00
14291,11
994,93
7691,05
5653,73
12530,00
6739,38
8433,07
10894,15
5378,37
8789,01
9236,02
5432,67
1976,93
5741,28
3477,13
4394,45
11028,40
11955,22
7589,90
8243,64
8760,73
6259,85
5817,00
6937,07
8245,50
2626,22
13821,39
6847,20
13726,58
6860,28
6741,18
12224,27
10256,82
4295,96
12511,01
2494,80
10619,17
13659,11
5958,32
1998,01
9941,02
8459,37
13490,87
9287,94
5173,81
13314,92
9650,26
13130,22
812,58
11309,79
4495,83
6229,72
9832,42
4568,58
9815,51
13418,66
12372,10
14064,78
9174,24
3130,54
14115,96
12701,15
7713,97
8205,86
3236,05
14371,42
10725,05
1279,35
10526,85
9067,04
2338,74
7103,53
630,32
2040,42
4566,55
10001,97
5794,55
450,27
10315,71
664,98
1902,86
6261,15
2513,71
7042,94
10786,95
13186,75
4382,18
1478,64
5509,37
1353,59
2544,07
9427,23
5617,58
3021,63
12167,23
13420,57
4042,24
14955,18
8820,88
3304,92
8802,32
10143,75
8714,99
392,64
2163,82
6874,42
6287,20
1646,43
13267,37
12985,31
13979,15
13917,41
6766,66
1093,09
992,82
12647,97
6400,34
11569,11
4221,62
2508,79
250,93
9714,50
3571,02
3852,53
4,29
13169,53
8027,35
8542,56
8451,73
4152,29
11761,76
9216,89
6576,97
5914,26
1235,33
13093,34
12599,88
11270,06
12475,63
14513,26
14018,18
4273,97
2945,76
1490,69
12104,88
1561,22
5425,11
6970,82
8541,28
14144,32
13257,15
5210,66
8538,19
8990,77
1987,22
12297,72
10194,84
10081,84
8963,15
12795,61
14018,65
6508,03
9532,63
2462,52
4194,63
1540,91
10964,60
13880,98
3491,35
11618,16
14807,09
9353,60
1910,79
12816,84
10990,17
3094,53
11578,60
1264,83
13670,68
314,94
2324,37
1688,14
14763,07
10622,17
13113,66
8818,90
8291,25
3517,49
7040,08
6341,69
4823,38
2402,69
9618,34
4492,32
14981,70
1000,71
1795,66
1599,71
12556,63
10370,64
1138,74
2732,66
4811,69
1903,33
8247,26
6602,07
7145,53
1242,85
7427,85
12850,32
9687,88
10548,83
257,26
11302,26
13136,43
12536,07
9917,19
7169,12
4938,73
7108,47
9283,45
11727,61
2177,17
5561,85
4913,46
14251,71
9648,10
6071,87
8926,91
14142,06
14115,19
9507,82
492,01
12744,13
8816,02
2674,46
4754,23
4083,36
4074,65
5159,82
847,41
1104,72
7302,92
11759,70
9737,79
10000,37
1777,78
11838,20
1804,08
2221,62
611,69
5094,05
11709,18
1320,27
7224,96
14546,74
3442,46
3300,18
2009,10
14059,55
9174,93
11783,82
2303,69
7293,56
1584,72
14917,00
14769,41
12610,71
748,19
12067,72
5610,38
3119,33
3926,25
10331,72
1248,11
10412,74
483,71
12846,28
1663,66
1975,71
4485,51
2482,74
10398,87
8900,98
11657,89
14542,37
12978,97
5215,37
3170,35
13644,05
922,93
4931,20
5886,97
3802,37
7954,49
9993,64
8583,52
9648,85
1552,13
6188,70
9543,02
14352,23
1957,69
10560,84
13882,94
7259,45
7093,53
2623,44
7222,65
8767,36
1786,02
5232,75
10260,95
1004,56
4672,05
12046,52
13503,34
3657,72
7228,00
8996,38
6538,12
1232,13
6351,01
12287,73
7879,27
9827,22
7104,58
6967,63
4835,75
11171,56
1401,69
1117,88
11950,19
3823,26
14347,78
7441,06
10649,36
8890,79
13414,85
3028,26
3582,57
553,73
7237,58
4406,46
7489,95
11413,15
13777,56
4127,00
12866,15
5812,29
5355,05
2683,10
2080,24
10072,71
1459,09
9632,41
7698,65
13930,56
7039,99
810,30
5081,01
8112,32
9171,22
5330,66
3276,15
14544,27
14831,51
4437,01
579,41
2187,94
12979,59
12085,47
12268,26
8653,44
1052,08
3105,11
8300,30
813,06
7686,41
8667,15
13003,92
10234,37
1899,72
11164,47
639,58
12483,61
10202,59
5016,15
9433,64
14629,50
5504,36
14333,36
13526,50
8473,28
4118,56
4287,97
1798,61
10296,26
4551,09
9369,59
14664,93
9109,01
10559,42
10811,11
9598,29
8722,80
6932,39
9638,47
11143,74
565,93
6412,37
12556,77
6560,93
1815,71
13199,92
9133,15
2182,96
1541,99
10332,34
10910,44
8817,84
9194,25
6302,97
3525,41
8281,46
4983,10
6083,09
12674,27
2397,94
12933,33
12411,62
10709,84
2888,22
10087,23
6032,16
1643,57
757,38
14326,45
6580,88
2230,63
2929,28
14354,26
7259,54
6969,85
1336,97
9135,20
11842,00
13501,48
2076,58
7649,31
2982,69
5705,50
8385,85
7661,82
12184,56
5662,51
7581,90
5739,19
14972,06
6708,67
1347,91
11561,92
515,59
1860,06
14783,59
2732,30
12060,95
3393,19
14801,66
8253,76
8404,51
5598,84
13572,92
208,20
13014,78
9933,25
1281,18
5147,53
14453,09
3417,98
1733,59
4302,59
413,96
4268,98
2739,17
1876,09
11786,19
13702,32
6745,91
14786,64
10388,91
3034,16
5609,98
11754,64
736,73
13419,83
1229,04
7353,87
9945,84
9929,76
2614,96
8766,49
1395,33
240,67
9869,45
5674,80
12349,67
4619,63
9771,23
13206,86
4273,26
4818,92
5129,98
3043,37
5013,08
12681,93
10878,28
2063,99
7180,95
13929,44
348,92
820,51
10489,34
2010,85
167,86
12692,15
10211,86
10373,43
3361,32
10694,11
1837,18
6074,30
10669,11
8850,92
7218,72
14700,94
11552,74
12042,64
7694,97
10937,01
10327,70
9992,52
9297,23
9261,38
6854,82
753,89
782,90
13708,26
7791,03
9213,18
5622,64
7717,84
4737,05
14629,07
131,94
14795,57
3782,05
7436,41
6835,37
6660,38
4204,60
9723,52
5216,95
13945,64
13168,58
8658,61
5073,48
14009,67
1240,69
7712,31
2559,44
5017,27
612,42
14138,35
9733,17
8468,46
11597,43
5728,60
8822,88
6773,91
12877,39
2969,12
7822,53
11114,65
6371,00
9822,18
3581,37
10714,86
8023,43
2170,95
1175,21
10027,54
4108,99
13555,99
13800,49
13742,46
8751,78
9854,24
9664,79
1604,38
14385,50
6166,88
9656,61
11001,75
3181,94
3068,38
10801,67
7947,45
9303,17
12900,44
2623,17
12088,18
10470,43
4588,65
14401,95
3070,33
11843,87
2221,16
12927,49
11642,84
3886,44
7374,96
5680,14
10377,33
4348,19
13562,13
14581,93
5932,02
10110,65
3771,52
10257,95
10628,84
9347,14
11694,45
14013,16
5579,80
4436,44
5695,53
2029,88
11897,03
658,01
6701,89
13207,08
9837,73
14672,76
8231,35
6373,54
10863,68
14031,49
8198,68
120,53
14839,03
13046,15
3861,55
11511,75
10350,05
8489,42
12137,88
166,87
13364,02
5149,01
6478,55
7933,61
5773,58
9372,68
14400,51
7732,24
2725,26
2014,89
12293,27
8533,92
6612,87
14912,12
4500,78
2328,23
8259,38
12628,69
10546,65
10469,58
5600,24
3620,41
10739,16
661,76
8131,59
7319,73
5401,14
13618,66
1568,50
11812,12
6658,78
12968,89
12024,25
9570,55
4929,01
6717,43
10114,25
3095,38
3967,46
3367,99
1125,40
9647,75
11482,00
8328,12
9014,30
8435,17
12389,09
8809,96
9697,24
6973,33
3385,69
7110,14
12172,19
14072,23
4225,05
14694,56
3514,30
150,32
4140,69
965,69
6826,92
13466,17
11656,01
6235,40
14714,42
9616,76
2251,21
7561,30
8622,25
13970,96
12351,95
2800,04
9564,77
10160,81
3576,70
2646,88
5636,30
8046,93
567,43
501,65
13689,98
12522,25
2873,05
1752,40
10383,20
2124,29
2496,48
3188,54
1584,74
13447,33
9307,79
6837,16
4933,93
9887,28
12760,60
4606,83
11008,96
8525,27
8447,96
9337,24
8410,46
4247,35
5345,34
7367,09
8298,38
12524,25
14849,86
881,20
9414,51
11264,40
12374,95
12190,85
423,36
13394,54
4033,47
9404,81
11948,12
11775,90
500,14
3385,18
14322,11
9823,76
12246,81
10783,41
9415,77
14446,63
10094,94
8566,75
10192,03
11562,01
1973,51
1005,07
5214,25
6754,84
9204,85
119,26
3479,80
7362,23
8276,22
6483,67
4829,59
12583,44
804,22
12312,53
13763,10
7544,05
4672,40
7554,35
7325,89
2279,33
14791,86
11506,06
11074,40
12781,87
10762,09
8412,85
716,93
7364,92
11497,01
6279,96
2197,32
6831,99
13668,63
12241,13
108,44
12062,42
11809,23
9360,07
11115,55
1680,16
6337,83
14790,72
11931,69
5762,41
10353,59
3017,39
11570,61
14413,22
3246,67
2926,20
14416,95
10110,43
12838,02
285,10
3325,79
7080,37
4140,11
12559,21
12222,14
2320,81
11470,42
12637,07
9239,84
5737,68
12688,97
10754,59
6962,33
6756,92
8361,29
1280,66
11756,09
9214,67
13667,88
7027,13
3149,49
3562,60
2749,30
10886,27
2270,16
550,03
3586,23
8126,81
13698,19
8343,21
690,71
2150,35
2435,47
6890,19
2312,41
12850,52
13026,18
6767,51
11516,93
13991,28
4776,37
3922,66
4117,63
8680,41
9501,25
13888,67
14229,88
6866,44
4400,43
7257,10
8536,81
1950,28
8919,43
11598,96
5206,48
9463,92
8642,41
7416,38
3299,51
995,40
11788,97
9020,82
12594,42
898,98
8292,16
4665,88
14141,63
12375,56
12556,99
3454,63
1112,00
7931,14
5806,96
3076,53
9683,38
8669,38
12930,67
11914,22
5845,51
3370,59
7822,63
6525,69
9056,24
13817,55
13113,59
3152,70
11464,14
7302,53
5274,44
3836,42
13860,24
14540,74
9533,42
10436,06
294,93
13543,06
3140,05
12101,33
3661,90
9558,26
14197,53
868,31
8200,90
14509,64
11948,05
13137,55
10068,63
10430,91
11288,95
14637,11
13730,85
11273,85
11920,51
4504,01
8193,83
5483,94
171,40
14541,76
5424,49
14734,41
13728,41
8744,18
7574,72
7098,43
11301,45
11232,89
5521,32
4358,72
8326,91
12623,46
4822,49
281,00
11919,24
11642,72
4565,38
3246,14
4511,31
1087,22
1198,90
8997,67
1156,90
5285,86
9514,59
5202,17
12775,84
4759,10
6818,26
13270,05
7543,55
5842,48
8322,66
1757,01
5732,32
3851,68
10193,08
13494,38
468,06
1589,93
8414,25
6700,41
6943,80
14725,51
7096,14
1054,21
1292,57
10082,67
12867,48
7665,33
11786,51
6408,08
13188,60
4402,32
7523,05
10963,74
6342,36
13620,55
14297,90
145,66
5499,42
7143,62
14234,13
4009,81
3216,87
1015,28
965,86
455,76
3021,63
8246,19
8690,53
14188,63
4462,59
1517,17
8430,27
7094,08
7546,28
11444,84
7778,42
8784,73
6337,35
5901,97
12497,59
10213,38
8434,50
1242,72
5124,37
9388,07
13610,30
5598,26
12229,59
3938,73
3136,25
10886,14
9923,17
11761,72
7110,01
1147,28
6040,25
6602,03
9364,15
9434,03
13449,45
12443,14
3442,06
10560,37
33,82
9937,13
6730,30
8446,45
11823,77
6719,14
11913,64
8354,34
14716,74
12315,13
133,96
13956,20
12636,92
9419,86
12183,26
1914,92
4825,95
3307,57
8516,20
12521,85
373,89
12483,19
9700,48
4360,84
5970,21
3923,40
13344,49
7900,71
9406,21
7787,06
12336,62
969,99
727,27
8396,65
14321,71
2086,36
8772,21
329,38
8991,96
10882,68
5178,06
2034,47
13726,50
9860,78
13455,20
12192,62
5733,27
1053,14
11866,96
10798,85
1625,54
14344,52
10976,50
13791,17
3422,16
13984,65
5788,37
6114,15
12519,09
9956,46
13554,40
2363,01
12440,40
13622,15
10332,30
2191,44
3167,21
3266,26
8320,81
11197,55
6292,84
3661,23
11867,81
12593,13
5162,51
5107,57
3514,22
3943,93
2753,36
184,70
3077,53
10303,83
13125,15
880,72
3392,03
126,67
1391,60
4610,60
1612,90
1647,93
5926,87
5404,62
10553,69
14767,92
7768,74
13294,44
3639,66
11562,79
9766,01
14745,78
7897,01
12684,99
7831,32
8479,49
2981,96
555,56
3134,89
11158,20
6977,88
6557,00
3388,18
9704,56
11881,09
874,27
13488,33
1075,12
7801,93
14091,69
6995,93
14621,48
2760,28
3255,31
5818,87
11174,02
11180,20
4212,33
11923,74
11323,28
12903,90
13728,44
5809,86
13884,55
12042,70
4890,16
13072,63
8799,16
9368,15
30,43
12619,68
14657,76
5044,59
2350,27
3374,59
12032,33
892,78
12411,44
5002,36
4555,37
7422,20
7910,85
11414,28
3471,46
8043,90
4662,95
5131,82
1408,38
8849,03
10292,06
1938,40
6703,03
7064,45
12471,91
1891,50
2647,90
7211,12
7735,37
13635,16
5764,24
292,93
4696,07
871,12
5526,41
2511,09
13191,86
3574,75
2339,14
14692,04
5582,32
13843,69
8117,04
4654,09
1264,78
11759,97
7902,36
3857,75
9683,25
3566,32
509,66
13810,63
1088,69
10633,39
1147,85
7169,54
6586,66
473,60
630,90
8572,00
6948,93
6983,25
84,85
564,74
9601,41
547,11
6823,87
14476,28
5264,38
1790,57
14278,21
2611,08
5523,94
4943,12
13249,79
14058,18
6610,03
14539,29
11179,65
14131,20
226,05
1207,02
1238,45
5599,73
4035,13
10199,45
12928,90
9722,83
6796,99
12295,76
13971,00
282,57
11629,97
9627,88
9547,44
12984,73
12034,31
630,36
1424,54
879,55
2028,18
9077,53
7708,08
7577,25
9540,44
7607,61
12514,20
1393,31
6238,07
14724,08
3476,58
13675,46
10953,95
90,33
7075,25
425,35
1280,11
1136,45
220,95
13757,52
9502,01
6098,89
10796,61
6764,44
6564,80
10879,06
5987,50
7507,97
14783,75
4123,47
12263,23
12241,97
8285,07
716,95
3518,90
3043,88
12200,69
14994,98
4445,39
11707,08
7928,43
10272,99
1001,62
6272,62
12084,76
7298,57
9855,29
4701,91
962,78
13731,67
14313,01
274,88
7432,58
12988,03
11572,45
14387,64
657,26
8264,66
9198,80
4523,17
13071,79
6614,44
7517,90
14694,49
7529,22
8591,16
12667,66
64,29
6761,12
9550,50
14032,56
14419,08
2285,73
7864,14
7853,68
6122,02
13634,34
13605,70
1606,81
8405,46
11088,73
181,36
5771,25
8263,86
13140,58
9793,81
12871,56
3763,47
2746,50
467,97
10939,23
7999,41
12641,71
8121,13
4163,09
2016,84
8258,68
1667,64
11692,63
9530,18
9232,41
13536,47
4276,94
7561,06
10155,24
14227,88
13816,80
4680,45
2289,45
8569,19
1646,36
11055,87
6471,15
11936,67
8956,78
13584,96
2695,04
9804,67
6777,97
223,43
4156,16
13033,47
10875,55
6838,62
12062,96
13580,60
11384,13
12978,68
8569,29
6816,13
4976,60
11183,62
10340,18
1238,05
10701,72
5235,99
7320,15
9860,09
8289,58
10735,90
9769,60
4080,45
2623,90
9373,52
4322,21
8080,05
10160,22
2957,60
5469,29
306,72
10359,18
5468,73
3958,95
4047,20
5661,89
3131,27
9082,40
6146,62
9583,17
5369,37
1843,68
252,25
535,31
11667,00
3132,15
67,58
12436,99
6702,56
8111,51
1191,11
7580,42
13355,28
2751,53
6251,66
5338,02
12339,90
6987,52
9590,92
4649,21
2108,57
8731,85
8024,03
7144,42
9327,19
5981,60
6974,15
13261,52
1932,98
8415,76
13926,37
14801,58
1590,81
4450,99
7321,79
4412,29
5636,41
12743,30
8376,00
4890,45
13797,26
11592,80
9112,39
9077,65
8775,18
4660,70
4986,78
3242,89
8681,41
11812,23
4440,40
12970,52
9071,92
8491,79
251,41
6638,19
8503,54
11496,54
13197,04
2449,62
10089,43
12009,69
12477,27
3285,98
10160,61
6125,03
4006,13
9628,79
8979,50
7766,52
7926,85
3423,87
1808,57
6214,27
5717,81
14805,03
6461,78
14290,67
6946,72
852,77
13133,71
7362,94
6422,42
12270,63
4104,15
4002,33
270,70
10051,40
11329,93
2699,92
10380,74
1316,21
4819,88
2102,95
14463,03
10051,30
11085,28
9933,98
2433,85
6141,31
4897,11
7907,03
12636,34
5898,46
10374,97
5531,76
8989,39
7744,95
8634,15
11336,09
6481,86
2920,79
2115,71
13463,29
6238,25
6103,22
13127,70
9262,98
6038,36
5666,37
5356,19
9874,80
3980,96
6655,25
9554,20
13263,96
12485,87
11048,65
4062,70
11117,50
2974,88
1904,28
14783,84
10980,58
5330,17
8291,44
5113,73
14463,64
3335,37
2897,10
10078,08
11583,68
3512,57
3411,72
9256,58
11352,32
7659,34
5999,22
11647,86
9781,04
10540,75
5081,51
1774,89
11331,10
6780,65
2110,04
8002,59
8378,54
1628,42
837,92
3926,86
13521,36
6692,15
4818,50
14864,46
10788,88
9871,87
14967,15
4194,40
14572,66
5220,84
14615,78
12696,45
5041,42
14125,39
3365,37
14550,78
14875,14
4521,12
14224,29
9035,47
9352,48
8809,71
13703,20
12541,27
9580,98
7633,88
1390,54
4975,33
1474,52
14395,28
9466,71
8269,08
4281,57
4162,63
1423,49
4067,10
3844,69
919,66
8814,64
7958,90
13025,32
11432,89
4679,27
7285,43
2719,40
5955,59
10271,13
10600,09
6743,27
13625,73
5142,12
1788,29
6149,75
163,90
5758,91
11137,62
869,48
11972,30
3656,32
1791,81
10042,44
5894,51
11043,41
12176,50
3201,72
13120,36
6243,86
12588,50
10181,28
2855,72
10493,73
6238,64
14211,76
3614,69
14117,67
10507,62
5921,98
281,07
7997,87
9228,96
7357,74
3401,96
5405,28
8500,13
4650,83
7365,82
2360,64
9094,22
3792,28
2913,29
10251,27
2875,09
14499,73
14333,24
4460,12
1706,84
1999,50
10768,02
9252,23
11094,01
11594,04
12599,29
14505,70
10513,82
12484,08
6953,40
14160,10
7307,03
9663,73
5366,74
3841,81
988,64
14850,58
4092,18
13477,88
6957,87
5924,75
2403,58
11030,85
1509,93
3677,06
14199,08
4832,52
14845,02
3857,93
2087,52
1183,16
1591,49
7717,15
14273,82
9886,18
5949,34
7250,15
1341,31
9827,62
12420,92
6743,19
2837,60
14999,19
13617,24
4512,44
1097,50
7581,41
1644,60
13867,35
14214,04
10698,15
7948,38
10633,72
14733,53
6668,71
9684,47
12006,18
4387,38
5703,85
3588,56
2366,97
10566,20
9718,83
14994,30
12639,74
7700,74
11023,51
9477,14
6571,80
7920,85
14170,44
2158,26
8126,60
5780,08
13274,04
62,59
11760,71
8115,55
1079,51
8755,02
7769,06
11979,54
9498,10
14771,86
717,77
10123,26
12674,96
8021,71
9888,34
109,93
13185,21
3086,53
863,13
14740,13
6809,64
10021,92
13875,49
14770,15
4608,78
6875,20
5746,32
6067,78
13130,29
8846,28
7272,09
3415,30
13642,16
3105,09
4904,17
1402,12
13116,37
5315,62
11846,69
14865,05
13957,53
10864,97
13000,79
12815,81
12294,00
2356,28
13649,97
10795,47
5893,65
10069,69
8642,52
4672,54
6127,95
4815,84
9920,77
4852,04
7936,33
12916,68
2702,21
9057,67
9116,81
5465,40
11321,23
3815,48
189,32
3705,67
4822,80
8253,10
5767,49
14331,26
5992,97
5390,14
14556,01
4037,51
10275,77
7453,22
11929,06
7810,76
9889,75
1567,32
9154,84
12959,86
5117,69
5798,24
793,98
7739,14
11918,06
3540,40
13193,07
10411,94
14409,46
674,65
13788,69
4327,86
9393,94
13228,02
13733,76
3101,00
4078,49
4846,44
4137,84
1604,61
2001,60
12481,55
12715,00
5844,10
7783,49
12839,80
13530,03
3743,39
11342,61
10892,78
14813,06
7423,83
5431,09
3211,73
8048,86
1606,70
4864,27
9101,59
7278,71
8539,87
822,88
6082,36
10399,42
6962,48
4679,82
7590,36
11572,65
8840,97
11346,93
14367,47
6204,09
4518,66
280,48
12147,71
11717,33
3206,66
9038,44
2389,83
6992,21
8737,69
11887,83
12713,34
5865,74
3329,39
14170,36
565,97
9628,22
2116,55
987,33
13084,76
2966,87
4050,36
10979,79
5664,52
2852,96
435,30
909,41
14445,72
13536,85
3227,86
7639,33
7242,32
5169,47
11633,42
12235,01
3795,55
2309,36
10916,82
2560,94
2664,06
902,28
13205,33
13101,44
3391,97
10585,87
13791,99
3803,03
9344,95
12011,52
11953,63
5496,36
1958,70
6778,79
5868,32
1396,99
1882,55
2325,78
4117,36
1905,76
9525,29
1626,07
13829,82
2145,57
3302,27
4116,86
7753,26
14456,80
9987,10
14734,52
13536,55
14801,14
212,72
14089,72
7088,82
9653,95
6626,76
850,85
9690,82
3565,11
12862,30
10525,81
8490,33
12013,49
271,96
4847,89
961,43
9759,86
8522,31
3989,61
6236,48
13178,92
3223,49
6145,05
8032,09
8362,84
3739,75
14380,62
5882,86
13901,61
4083,16
5921,98
5712,20
6526,89
2588,07
4383,97
5003,13
1537,16
5770,11
2542,37
14060,49
2782,07
8341,22
4150,97
7939,13
10389,25
8596,43
7619,04
598,63
4388,10
4009,52
4676,49
9040,27
9162,14
13715,84
5388,11
6629,78
3003,62
14371,39
12265,79
6823,90
14554,33
13200,43
12101,98
10216,51
10671,66
10898,49
11881,22
7883,74
12346,25
5188,53
14746,95
1212,61
12749,62
14645,36
13537,75
1059,99
997,74
13329,20
9352,90
12568,53
8202,87
2294,72
13574,58
12197,26
6658,02
2426,29
4576,15
14014,39
6537,41
427,18
14010,40
5343,32
6643,78
9785,44
4622,61
9898,05
12815,28
10377,49
11561,39
8871,49
10077,84
13148,07
4826,55
10694,92
114,80
13199,63
5420,00
10992,00
3061,91
4336,08
12592,08
4310,11
10332,26
3192,27
10377,38
7280,97
2664,97
3620,58
12545,76
3570,50
11807,51
7397,23
12961,26
8147,54
5964,77
4150,21
10046,65
1078,08
12092,04
13517,15
2814,64
4869,18
4736,02
10504,39
3169,10
11814,09
14074,61
10794,50
4656,32
13715,20
13896,84
8942,03
3662,37
13710,34
11574,42
7726,53
14716,73
3044,92
8714,68
11893,04
14379,09
5004,44
11390,78
6757,04
8785,42
11388,88
6258,05
10121,61
11281,62
14609,09
9531,79
9428,73
5595,80
4753,65
5365,92
14828,93
5076,03
2058,27
8997,71
12761,25
2380,54
9604,71
6341,22
8181,51
7209,96
2402,89
7846,31
10773,59
3957,10
4087,11
10587,91
7495,23
1884,75
1977,76
8160,19
5859,07
11449,04
1621,64
11716,67
5146,68
13573,90
5375,34
1292,16
4833,74
1016,66
14284,05
8223,34
6358,15
10899,34
11618,67
13479,07
10249,17
13215,08
4918,66
10382,97
2725,05
3448,16
9761,27
12138,14
12305,48
10993,62
9093,89
14816,21
9683,37
10575,51
7180,07
11806,69
13309,37
7687,39
1142,82
5333,58
6118,00
2164,29
9885,66
2087,52
11124,32
8390,76
6365,88
9439,82
10030,69
4324,31
7313,85
7780,28
4910,18
9291,03
2331,14
8299,73
10749,71
2029,02
7728,87
4647,13
1702,64
12749,37
2455,34
14284,81
10949,15
8953,25
4168,32
2338,28
11373,98
14984,78
12449,04
2245,26
3986,16
12987,04
6222,09
14383,40
68,21
3481,07
5607,04
11993,32
668,44
8129,47
7350,29
4996,48
8275,41
12835,67
4934,82
14073,03
7824,69
8895,64
3323,65
8196,04
3873,75
14151,76
4290,69
12343,32
857,25
2936,58
5264,47
3793,13
5305,69
10746,35
516,38
5358,24
6352,16
8044,67
8973,88
7940,83
4032,74
644,25
3847,54
6808,70
14599,69
1526,08
9685,15
13494,12
11913,06
13280,67
5756,02
2129,13
9059,34
2470,49
4314,73
8064,99
11682,10
12528,28
6444,22
4415,85
11422,45
1941,83
5841,47
9538,56
2397,25
4433,87
2485,33
4828,60
8972,19
12828,67
10894,18
951,75
8499,34
8296,66
7449,87
10127,51
3476,05
13749,99
36,55
5883,08
2062,52
3224,39
12824,41
7295,64
11008,68
11026,66
4428,25
6222,42
2179,94
57,73
5899,72
14859,12
14975,95
14365,76
4848,50
9580,84
9370,18
9381,66
10594,40
8722,61
3424,71
2845,30
947,73
4730,08
12183,18
12101,08
14283,23
1335,25
1117,25
4427,69
6150,68
4133,94
4381,44
203,07
14321,74
98,62
2224,60
7022,91
9656,47
187,16
1179,89
14565,99
9615,95
12824,10
1095,13
6821,85
12266,92
2840,98
724,30
11683,97
14999,36
8601,97
8428,25
170,78
12305,98
1994,45
12686,99
10019,23
4211,41
6161,35
3321,80
13882,68
1739,63
12817,29
9647,04
13580,09
14453,60
1247,05
9757,65
12649,62
3066,08
4474,71
9132,93
2692,67
5685,68
763,86
4537,31
13667,51
6829,06
4420,60
5995,23
13203,69
8415,89
6447,14
14590,99
4140,78
13339,00
11555,02
3525,21
50,76
12307,57
939,51
13883,21
11477,51
14721,24
6750,22
13482,06
1255,35
12615,17
9158,83
5742,16
3359,13
11423,52
3790,21
6711,17
12944,69
5779,23
9633,40
4660,83
4570,53
13035,91
11409,22
13752,59
13738,14
1899,53
3266,04
1117,93
6220,17
11907,63
1457,35
4004,79
10867,82
13532,07
1368,00
36,46
10887,88
6713,50
10084,69
1133,01
14889,18
3651,32
10217,76
9355,41
6598,57
8786,51
43,26
6987,86
6358,03
1594,00
2516,47
9056,33
1418,56
4289,78
11427,84
9915,11
11131,24
11630,85
9555,10
13099,71
6773,92
2118,24
3911,74
14476,41
6364,12
3282,09
13471,68
2240,19
12166,99
14593,47
3096,01
13836,28
8000,74
6388,79
14195,07
7935,53
572,50
12093,59
9759,90
4115,97
9481,03
5005,20
7644,47
6554,15
6452,62
6193,61
6833,75
1403,42
11198,28
14717,10
11634,13
12658,79
11322,54
4461,19
9556,21
6983,01
11801,23
2456,48
12591,74
8140,04
1758,42
9934,06
6823,70
6875,68
4311,87
6809,42
12598,24
7123,86
6428,98
12905,69
8309,77
3839,04
1900,55
9319,35
3661,16
9197,25
2476,21
12748,58
1571,87
2416,12
5717,28
833,96
8293,25
7720,01
1222,77
12668,56
11818,22
4947,92
344,84
6046,61
11602,26
3434,75
4137,23
1160,87
5888,62
760,11
2615,93
4916,62
1983,20
228,07
5067,96
7356,66
7634,45
2775,95
2164,19
14784,59
5826,88
3144,85
10985,46
3544,95
4776,35
9888,38
13116,32
14859,75
8722,61
2990,50
8048,28
9580,30
13727,32
2790,62
10336,29
12383,70
14269,10
1347,79
11409,51
4016,86
18,04
6143,31
8528,83
6893,64
4446,62
11697,74
9711,79
3379,75
4169,51
2537,56
3908,58
9348,08
9334,56
11503,61
6944,11
9013,08
9382,31
1662,38
2093,67
4201,19
11213,56
5734,58
5117,40
5280,14
1083,20
4257,48
2451,97
11787,49
1661,31
9751,51
4866,42
9668,19
5914,44
9710,94
4647,74
2033,46
14199,50
980,75
11993,13
13683,60
10846,83
11742,87
1493,40
10640,62
5030,28
9151,68
13498,26
4676,75
9497,61
1410,90
13353,41
2511,48
1259,60
11585,99
3532,52
13426,39
5763,25
2355,25
3901,41
13582,26
2801,57
14077,89
8289,75
6473,15
14294,97
8916,34
6635,19
14467,58
9067,96
8580,36
10088,63
12744,09
7824,78
3774,10
6002,87
8769,12
10676,07
11923,74
14694,90
7665,41
7239,40
3321,19
5280,31
9840,02
5657,64
959,57
5521,81
11671,15
13461,42
6220,83
13117,29
13956,76
10615,68
8078,08
1913,60
3463,20
6166,48
9857,72
13296,55
6602,88
4597,28
12691,69
8742,11
6193,65
12756,07
14388,91
3783,90
9563,39
13457,69
13700,02
14726,56
14350,36
4126,26
8095,08
7525,06
60,16
771,73
7676,22
1017,71
4529,58
5006,11
11567,93
8034,36
973,54
4089,06
5891,02
5322,32
6577,11
1278,56
4002,36
3960,57
10483,66
4444,00
444,64
12824,24
1197,21
8432,66
13204,52
11927,47
10874,99
8266,17
8941,53
8079,76
2461,32
7893,21
14065,67
728,64
5289,33
6612,80
7467,40
7741,57
7877,50
11000,08
5416,79
4000,27
9858,37
12826,05
4772,81
13530,48
5906,27
14765,48
2055,84
9210,16
1520,63
8742,68
11393,56
2374,33
4357,69
13828,82
3385,73
388,14
13295,87
7557,74
9417,50
13217,97
5117,15
852,92
4352,88
7518,44
13859,17
9581,13
12939,84
10633,46
8972,90
5455,68
8622,31
12384,07
10334,89
7151,53
13814,52
7745,66
2148,05
6343,41
3959,56
927,43
8737,97
7578,23
3200,39
2839,29
14289,88
9156,35
10778,78
7076,98
1464,23
6386,07
7853,27
11015,80
2013,57
12990,48
14020,28
7912,51
12071,64
1204,88
4675,16
8371,69
6758,60
11343,64
1565,07
1427,36
4742,43
628,78
12288,74
10312,23
2126,96
12064,08
11570,97
13921,18
9559,61
9647,94
8968,25
7154,30
14540,30
9284,19
11649,40
1064,18
2983,07
12801,87
12773,23
4801,26
6122,04
8346,46
8897,62
5233,76
4518,29
2926,93
14609,86
3986,08
2375,31
2755,00
11804,43
14362,80
4718,59
6501,15
11314,24
4503,12
9871,70
11059,75
5491,41
4401,76
5413,97
1992,33
3684,35
1386,41
10759,68
12140,98
4322,33
11738,42
8463,89
12510,23
9144,57
6910,02
9942,49
13920,12
14641,66
10448,18
6257,48
5798,56
7093,02
7757,17
10841,62
1849,18
1457,61
10256,51
5033,88
2217,99
7806,17
737,29
12125,15
2930,14
1545,75
14263,33
9480,42
3280,19
7007,75
5231,80
14047,46
3895,29
12219,52
3099,58
4355,04
6231,72
823,79
4918,26
3864,15
5389,56
4544,42
1060,33
4784,93
14672,31
12118,51
224,49
13304,25
2636,15
6977,43
11255,52
6590,21
10929,45
1038,43
11304,86
369,69
10453,84
12938,17
374,73
6273,38
11283,17
9458,42
8883,94
5199,35
524,30
5282,83
1646,51
11349,68
264,01
13736,52
11384,59
12923,33
8267,30
6669,82
14149,34
14619,68
4660,41
9378,73
14248,40
6839,59
13521,90
10836,06
7034,94
13052,96
229,67
11576,17
11463,29
2623,00
8118,26
12473,44
5307,99
5237,52
10880,90
691,33
7953,47
14439,43
5555,35
11174,19
4285,20
9546,87
9836,52
12164,17
3011,02
4004,92
4782,50
12843,39
10167,88
8363,85
11592,66
11597,21
1017,70
5257,71
2847,25
5711,76
8755,70
8997,35
2508,13
4948,16
11747,35
2497,01
14921,66
11858,14
6147,45
3587,16
8214,92
781,49
4649,13
4772,07
1896,42
558,55
11460,61
11077,70
8742,55
12450,04
542,74
12071,49
3377,94
10264,19
14204,23
733,18
656,55
1348,47
6740,21
5175,66
9780,08
869,25
14668,48
5578,99
4052,00
1639,88
7580,72
8453,10
5420,96
8989,82
9136,80
9207,93
2696,72
6690,40
1624,86
11611,63
1266,10
4748,83
7540,07
8273,48
6667,27
53,58
13194,36
9603,63
11984,67
14429,48
1579,14
10754,55
13346,10
11745,41
9631,68
9206,80
8464,85
8032,32
8165,22
6954,46
10696,95
3008,35
1862,43
6637,54
2234,58
5383,64
5896,51
6539,24
4980,68
12770,08
3350,76
12520,60
6569,89
419,82
1358,72
75,19
2611,33
2072,99
14729,60
8293,13
1367,42
7023,34
9602,63
9000,76
7996,36
13307,49
13791,10
8256,39
1016,74
13993,27
12104,76
8048,80
258,91
827,47
9050,79
1041,14
7018,43
9992,87
2971,17
628,69
14557,95
54,95
8780,15
3115,35
13990,54
14781,35
3325,72
4568,19
9942,38
887,93
4531,75
11423,31
2495,84
12200,23
4222,96
7486,52
12208,40
1807,50
3167,89
14892,46
9373,41
417,32
6330,75
13710,29
12856,34
11525,49
14829,52
3880,74
13725,54
6241,67
2483,83
7056,57
3626,64
2018,14
14112,10
9353,85
4878,75
14897,11
6668,82
7074,16
2321,07
3905,25
8329,00
1804,61
7087,24
9462,24
4006,57
14493,07
13131,67
10920,94
13434,21
14581,88
4134,47
9575,39
6134,04
11265,21
2946,38
36,87
3816,90
11463,74
7129,56
958,17
8597,65
7935,52
4837,67
3957,09
11324,94
9008,29
2943,09
14433,36
12419,84
1025,66
2462,43
6107,51
5476,97
1634,43
375,13
10334,80
7604,73
1757,62
12010,38
936,90
4344,20
4396,15
14710,53
5812,08
6248,33
11992,09
7414,88
7007,26
12182,85
1413,14
5642,49
1954,32
9614,53
14050,77
8814,30
5273,09
4387,81
14262,73
6927,40
2419,41
6020,11
7755,26
8322,14
6634,74
1064,45
14641,87
12067,91
6453,57
8707,26
14698,41
4036,57
3988,41
3636,30
12065,38
12988,94
5642,26
7194,77
5499,86
5265,09
3628,85
18,19
8430,54
9021,45
13752,64
2491,23
792,60
1261,32
7375,73
13038,90
8916,41
11235,77
9904,66
4658,55
14372,26
11556,37
13249,02
6621,09
11111,97
11624,91
3742,98
592,72
12311,71
2057,88
14470,02
11653,55
5017,72
4076,25
8017,21
5032,16
1919,74
14684,99
11815,52
5078,89
4892,03
10246,48
14725,22
10686,64
12189,74
9663,44
6161,08
4019,21
6897,42
4464,75
6214,35
4663,13
9904,99
3554,67
8385,35
14112,41
8396,71
8058,59
14195,66
4373,88
8686,75
3906,35
13368,71
3786,59
4062,64
4081,87
14334,72
10371,59
12352,47
5207,36
12759,09
12687,09
6970,82
6802,53
4312,07
13866,88
2641,20
9038,44
14435,10
5456,63
930,92
10611,56
12099,82
13430,07
8603,42
10299,58
10248,92
2520,60
12174,01
10297,20
10571,24
11434,85
5383,51
4891,59
11371,76
7766,73
5292,83
3844,04
7310,32
3219,20
4459,34
8769,87
10697,88
3587,69
12116,95
4958,15
3412,45
10499,79
1606,72
9213,92
10102,44
2338,51
11518,08
12357,15
14687,26
4201,52
5815,72
13955,63
8725,27
10692,83
14334,26
7974,19
9591,43
7975,84
11671,04
4651,93
10061,85
2009,31
7274,43
10168,12
11629,67
12540,02
9004,43
9234,12
1762,43
8323,60
4314,51
8975,19
8899,88
587,90
1486,55
2375,37
1693,85
270,10
9467,01
11621,88
696,24
2572,09
898,88
6345,13
6551,14
12420,44
327,16
11848,08
11341,81
4961,31
7927,32
9261,27
12081,69
9231,73
669,97
7537,56
88,85
7488,83
8709,40
1885,31
12400,73
6715,55
12277,05
5509,63
4133,16
7664,00
12881,09
11927,91
1375,31
2735,81
6066,18
8128,26
4207,45
5508,35
4395,95
9056,10
7249,04
5620,72
2887,13
122,82
4196,81
8308,57
4997,44
3478,56
12995,27
13457,75
5770,40
12340,34
5059,02
7477,84
203,59
4966,23
8834,31
10456,28
13053,92
10878,78
11703,38
11213,57
13639,01
12725,66
504,85
14347,00
5003,16
13286,39
549,38
5568,32
3084,50
9901,33
7667,16
5448,10
3760,27
11155,85
14099,48
14592,92
1268,84
14799,75
2494,75
10841,41
1972,59
5040,06
7838,49
13037,39
5338,50
9000,96
464,08
14506,51
8933,53
10992,25
6622,79
6876,93
2618,46
5670,57
13542,24
14604,42
1255,93
12908,48
6145,45
5873,15
1208,03
2269,11
12140,96
277,59
13262,02
6240,91
1777,47
5932,83
7529,12
202,88
4693,02
9990,18
509,00
12391,82
5162,26
10000,14
6005,73
8643,81
11937,53
6499,51
7529,79
13392,45
13309,45
7144,71
6343,46
14807,50
1457,07
4745,07
3671,81
7020,42
4156,19
3783,69
823,56
3973,46
9458,98
7751,79
10209,62
8658,03
6462,10
12921,33
4687,87
8313,85
13563,98
7361,01
9286,04
9487,04
12345,91
6657,25
6879,95
5884,49
9638,31
11147,01
10864,74
4647,43
4206,25
9232,24
14480,11
866,96
11133,24
4020,76
10812,28
7287,95
11937,52
8837,54
1091,56
12813,67
9585,44
12572,83
4102,94
8653,60
10098,11
14625,03
4404,86
9187,66
8027,30
14253,87
13787,25
3067,64
1591,80
10887,93
12728,79
8276,99
886,50
2272,64
7468,36
306,49
3704,66
10102,78
10659,33
5169,25
10552,76
2279,28
12927,20
12490,20
14239,07
7737,95
8442,90
3656,39
8313,90
441,00
8099,48
5663,02
14279,81
6971,92
12271,65
6415,20
10235,91
1107,43
2882,69
6659,72
4097,03
1802,97
11736,53
12054,63
10540,69
7099,05
13288,16
9853,07
8762,19
10689,07
5211,16
7349,18
9334,88
2239,71
1011,41
12721,86
10381,94
1931,48
7063,34
12869,63
12638,09
5819,69
11729,37
8493,53
9084,61
7020,58
12056,54
5756,54
10518,70
11128,69
857,28
1285,85
3895,90
14400,50
10484,99
7756,63
4726,10
3563,86
5859,39
13087,41
8348,32
8364,17
3443,81
4451,07
8040,80
12112,49
6148,24
14312,48
9654,09
743,88
13594,35
2802,71
180,85
11050,41
14378,61
1152,27
7153,57
7585,34
13314,94
7263,60
1816,70
8031,83
13276,31
3095,88
4835,47
6232,69
8395,02
4209,07
2699,23
13225,88
7600,98
14745,73
2058,98
1134,54
9070,76
13736,51
6994,89
5531,89
376,83
759,04
8165,12
11302,57
12990,08
7055,91
12192,55
7330,21
11123,08
6040,18
2271,15
1365,28
52,38
4964,63
297,90
10919,88
10077,07
9043,28
14498,93
1040,53
10603,38
4910,44
14086,22
6019,10
9698,00
3539,28
4314,25
1938,41
4219,81
1697,74
3447,73
9093,61
23,94
3821,62
14865,24
1677,80
10125,82
11877,74
2521,76
5115,35
12591,27
7706,65
10593,21
46,43
10493,19
5344,80
2885,08
6618,76
1028,68
8860,58
4967,05
7952,62
11295,41
5451,65
2315,00
14949,76
6340,84
6837,85
14342,33
10570,51
9637,57
7774,97
14045,56
958,94
4938,59
9753,02
7564,42
6432,90
63,62
9264,70
9148,51
13720,93
4312,74
12804,68
7579,11
4289,78
14915,71
13564,38
8079,22
3996,35
2612,35
6459,25
5445,76
9436,79
13924,38
14162,20
6978,96
14321,67
225,28
2595,72
14772,21
5874,70
3585,30
11515,58
5694,70
2978,20
14216,24
653,41
5713,39
1179,52
1177,45
1420,40
4584,44
553,78
13544,30
7896,06
9847,83
7615,99
9250,35
11076,36
3707,92
12737,97
11037,73
5540,46
4084,47
6609,61
11094,52
2374,97
12061,36
8547,75
4893,20
10301,64
9647,17
13495,94
10830,79
2173,40
3786,84
4151,89
12691,47
2184,17
2217,30
13362,31
9557,75
6246,66
3491,06
7959,00
10991,09
203,14
13238,35
3026,89
2222,07
6321,08
13261,24
1890,83
6484,40
10764,96
8752,84
9201,34
5363,59
9977,08
6833,45
1296,36
13605,27
11851,03
7032,80
5594,13
12243,21
5935,29
1282,24
1517,94
5350,74
9060,34
14537,73
5942,95
14486,32
12842,03
5488,70
14484,51
13077,41
2480,42
11348,22
9422,35
7986,96
13991,38
1882,27
8910,97
6924,86
10516,95
7190,24
14033,93
14855,55
2481,55
1101,72
6181,22
8173,68
13444,93
2751,74
14921,66
11817,76
14078,80
14597,84
8254,59
11310,72
1738,34
7261,32
4550,87
9357,49
9403,66
9313,03
13711,18
14341,13
11479,76
11716,33
11116,03
5845,05
204,84
5096,41
14300,88
2486,42
1167,49
11272,20
13013,96
6360,56
13326,92
9593,20
8033,99
116,76
4130,09
13975,64
12005,39
2937,06
2100,87
12182,91
9814,08
12043,70
2795,92
12507,52
12220,48
8169,37
1922,02
10113,25
724,70
13133,51
1574,35
11563,71
14423,70
2746,15
2091,99
8243,88
2579,53
2914,50
1393,93
12410,05
14842,04
6338,29
12272,08
6910,86
3537,95
5212,25
6447,12
530,48
10963,33
5015,46
5978,37
2556,20
7022,00
11036,93
11784,77
6803,50
13993,50
3798,38
6988,76
3407,42
4667,73
1022,90
12817,54
2064,06
978,87
1034,22
3205,18
10816,53
3655,20
4793,85
7005,71
14350,79
4870,84
9699,00
12182,70
9788,28
10274,04
2790,20
12486,11
9666,70
14537,11
5165,69
13006,07
14602,39
6203,65
1798,01
5094,26
11979,48
9588,43
2847,11
5670,37
11369,94
9796,29
3388,30
3144,85
5013,27
6551,65
9512,54
6053,38
7258,50
12965,32
2342,57
134,34
1259,28
2490,42
12122,17
4814,91
14841,35
10105,65
3435,76
5571,60
8165,28
10292,14
13750,69
8633,07
7827,57
14715,52
762,74
5318,86
465,29
3611,81
7013,93
6223,98
3091,08
8824,30
14800,64
12171,79
7670,26
1935,59
734,44
4687,29
5146,11
6823,07
10317,92
12791,10
10875,93
1983,60
1904,91
2465,88
812,70
12055,24
7407,58
389,45
14639,28
2385,98
8555,26
12217,31
12331,44
8878,36
3995,99
10867,74
10942,01
154,97
1344,76
14013,77
7902,69
9221,87
4283,87
11381,91
2586,40
11618,23
7667,39
2693,50
12653,54
4314,31
313,70
14322,53
3122,86
4075,99
5547,92
13355,93
2645,24
9871,92
11003,53
2523,16
13946,45
9059,00
975,80
6854,34
10477,72
9975,35
3368,75
13827,52
6895,68
6725,58
6404,43
12704,71
12552,07
7033,43
4110,21
6612,13
4001,21
2346,28
7161,71
59,13
6053,61
9873,41
6260,47
9348,76
10244,29
7356,93
9313,98
5424,88
8199,39
2889,90
2499,20
10856,76
8366,97
13079,33
8385,49
5363,04
9619,75
4507,58
3790,25
13329,92
9547,99
8071,19
8118,66
11533,23
12269,86
13355,11
14852,03
2515,09
922,63
6012,53
10870,63
8470,08
9828,08
14356,81
6522,02
12105,07
12555,11
13807,14
13269,43
6998,15
5070,96
5897,43
4945,10
6743,16
5764,11
2149,89
11291,62
145,12
6892,23
3025,94
5254,82
14702,90
2592,08
14940,81
5657,85
4599,77
10482,94
691,68
814,10
14688,50
12442,95
7001,23
9873,14
2593,14
11782,25
12081,09
9612,26
11951,12
5653,63
791,57
9794,20
5697,47
380,20
6000,16
9163,82
14544,01
988,38
3841,34
9193,48
1571,22
8212,61
1496,78
9599,44
3214,69
10747,05
13385,46
9276,60
13229,33
14471,64
7430,78
10017,66
7969,78
4839,30
2814,36
7420,04
10236,88
11349,13
5768,10
10496,11
597,47
4438,57
7770,78
8896,28
14885,67
6562,82
5904,81
11999,72
9380,07
1834,08
14864,84
9099,94
5163,72
1869,59
14887,07
12368,73
12432,09
10258,43
5966,55
14861,81
6570,17
2164,39
532,78
14343,19
6198,71
6407,36
5112,12
10775,15
277,39
2512,84
5465,81
5381,49
1995,82
12,03
6294,29
3284,77
1243,77
7520,91
9547,53
10257,51
11529,37
13742,06
2819,19
10495,23
1494,74
5036,82
13399,05
4996,54
3139,01
4137,71
13714,24
2425,51
4466,71
11633,05
9581,99
5065,34
10170,00
644,10
12599,16
7813,87
13273,46
7747,25
8220,65
2451,38
141,03
489,76
8062,68
12974,62
5826,12
1311,23
2090,78
9581,47
7604,73
5500,61
7033,15
10188,91
5045,11
6881,40
14618,94
4138,39
10612,39
11104,27
10381,91
6398,49
4112,40
12710,56
5928,27
14192,25
11460,50
14237,66
3263,72
14158,54
5965,81
6115,31
5555,80
12447,78
13367,43
1302,79
12460,05
1048,28
3351,15
2293,15
5691,45
1881,87
7862,46
14343,67
6879,25
1351,15
9302,55
13729,53
5785,70
318,34
9297,25
2462,89
14298,87
1661,42
3305,09
8503,14
4299,86
2676,78
8107,90
8380,80
2039,27
9278,32
8443,38
14308,32
2504,58
7589,76
9302,95
6329,69
3557,48
2981,68
1558,19
9357,29
4136,38
973,85
14816,05
6788,26
14912,62
9157,19
11513,32
1569,89
5379,56
8449,32
3888,31
12136,30
8794,97
11186,51
9197,21
8307,25
6378,34
9335,51
804,84
12566,55
7169,22
6264,18
8845,76
6090,38
8810,34
3973,17
442,53
5765,10
4058,70
2022,80
9623,43
12594,70
12849,51
11309,19
8265,36
5394,38
12230,20
11809,18
6331,93
6914,40
4485,28
7458,13
14582,40
5600,67
1170,04
254,78
3031,54
6706,10
13990,36
9508,58
8043,14
12593,89
1867,16
566,35
8608,76
12191,86
10798,65
4747,01
5454,05
5119,81
3448,53
818,44
12530,11
1859,46
1493,93
2411,57
587,51
7904,86
3986,21
7842,50
8720,88
106,03
2001,05
2084,52
14250,38
11281,14
6650,76
8362,60
12877,27
14496,33
7639,91
3333,22
12750,07
13371,85
6475,04
3501,21
3803,58
9368,03
12874,26
4393,62
6244,69
13329,41
3142,55
9795,28
6096,11
14082,69
11020,80
14951,83
6895,82
2285,85
8322,16
1771,67
12394,82
12729,08
10150,34
5660,94
12689,00
7099,69
13155,59
3612,68
5788,14
1790,04
12368,61
13437,84
1357,80
3531,13
12389,06
2213,49
13048,89
9762,70
8474,22
14473,96
1498,41
10853,78
573,52
13952,79
10295,47
5188,62
7611,79
2463,22
14180,50
9583,25
11825,18
2101,00
3200,69
2954,74
1026,31
52,46
2253,41
12248,69
1226,42
3277,39
7247,80
5224,55
10251,30
10961,90
859,51
629,64
12048,68
8929,44
11640,96
4510,76
11308,13
475,11
2075,59
13642,58
4373,30
8628,27
10184,48
6771,90
2135,02
667,41
5204,68
1046,36
11252,79
12101,75
7409,35
13757,69
1871,50
7095,79
2977,21
14186,61
7232,51
13385,00
3871,74
10595,67
14386,50
3743,36
1594,85
11263,93
9325,58
1883,47
3157,83
13641,13
6871,88
13955,92
13132,22
12110,60
3989,96
14751,42
14921,46
13054,75
8235,00
14579,18
9029,11
4220,52
7482,38
11007,67
13426,27
7944,81
10167,73
13424,51
1165,01
2108,16
2013,24
8716,51
13702,01
11268,08
12808,66
5857,84
11066,39
12477,00
5285,05
6329,88
5180,53
2955,48
7016,79
1182,74
11860,65
8258,31
8032,22
8327,10
10570,02
8709,39
1083,79
6945,84
685,40
8010,85
352,95
3620,55
14252,63
11776,82
1270,70
1908,22
14753,28
9450,33
14064,88
3482,02
8413,10
10594,06
2806,27
10515,31
5540,24
3241,70
5397,59
9853,46
3936,05
3991,64
2355,57
3446,00
11755,26
12218,52
8107,60
1206,93
12775,51
9728,39
10761,33
5422,89
7271,21
14846,91
5197,05
8208,86
12812,49
5699,27
7105,53
14027,46
9311,36
8027,47
1712,48
4880,64
3384,56
5650,12
13499,79
7172,93
13869,28
3673,57
14785,51
1184,96
3888,27
12355,94
2980,39
8082,35
13246,04
3824,86
12913,20
6722,23
12233,37
6511,97
2735,40
8136,26
11308,65
747,46
13542,50
13168,97
8401,99
10359,34
11029,47
11726,91
899,96
13202,01
6412,02
115,27
4993,57
14804,30
1200,97
12087,04
12209,72
5438,21
9641,21
8607,49
14055,60
4318,37
445,06
7199,27
1146,76
4263,40
4934,48
11576,83
1690,46
1725,13
10269,66
8353,10
2985,29
6998,30
342,66
2754,22
4305,78
6222,35
2907,48
9306,76
6468,12
14317,71
6297,48
2582,50
232,77
6181,08
3202,31
1992,98
295,93
3927,62
14994,55
2820,18
5008,63
2942,88
853,50
5443,64
6682,63
13868,45
54,25
2187,25
1499,48
6999,77
3349,18
7926,93
13921,65
3463,77
12029,58
3001,65
5108,60
8893,57
13370,64
8822,46
2332,88
8392,84
14697,73
4784,13
10826,99
3119,84
1467,40
11665,03
6134,22
375,30
3520,41
6422,42
7481,03
9742,84
3366,09
3466,10
8810,98
2585,09
180,21
1667,52
10302,47
5609,13
11931,12
5282,40
8603,93
4423,38
3846,49
6988,63
5151,04
6169,54
12184,93
3898,83
14173,50
7768,00
13928,05
9103,77
3991,16
1171,88
12522,05
4291,37
10137,72
3856,13
11674,80
6503,58
4073,61
11763,59
1306,78
11206,31
8925,77
11529,10
9782,22
1737,99
7524,43
11944,33
553,82
9086,25
2332,98
8282,09
9949,80
7257,42
12556,38
12085,72
1112,89
11596,68
690,44
7634,46
11455,67
6218,96
253,48
9079,71
14078,76
8967,85
2246,17
10080,81
6306,41
5854,79
9429,06
8100,77
6935,54
14402,74
14146,15
3271,60
3384,84
2920,28
8418,82
876,87
11827,37
11555,13
10730,38
6968,83
2218,57
14168,72
2075,53
10253,33
9514,38
1118,16
9942,60
2457,34
10793,57
1048,23
12933,23
9401,55
196,99
8210,65
5441,10
14590,86
5792,89
14782,53
6729,56
8039,57
14424,72
11001,78
8543,45
10022,27
2042,00
14124,86
6382,34
2412,16
2554,50
1110,64
7104,15
9368,70
13456,47
1266,42
7885,26
3435,30
828,37
3242,38
6291,34
8516,11
2447,00
3920,38
5075,78
9060,75
10048,45
8385,47
11346,46
13630,52
4629,48
2081,63
2032,32
9955,59
12419,01
8765,73
759,36
2178,86
13962,43
14734,31
4935,45
1346,41
2916,10
7799,10
13680,67
3250,29
1198,84
13567,73
7540,26
12067,13
11042,59
12985,37
1291,62
8131,62
4756,93
7359,46
5065,01
5786,29
14189,25
11511,52
9838,80
14327,86
7537,37
12831,04
14695,67
436,08
406,35
1269,78
9627,33
3507,34
10566,55
10154,44
10506,95
12380,39
8801,32
10331,81
4496,61
4256,59
2870,43
6052,92
5864,55
7674,71
13127,79
11783,88
5635,61
2792,57
7117,31
5913,97
8227,03
7998,96
14739,64
12595,88
11945,19
4884,42
8759,15
9392,75
12869,39
1202,21
9140,59
8412,20
5528,68
1894,20
13934,80
5528,88
13425,46
7969,32
7888,81
5743,08
14241,79
10754,29
14096,31
13246,84
4526,41
3640,66
1483,08
13174,37
11448,48
9186,76
6591,68
3669,40
4122,32
14620,71
6713,19
5596,79
6362,19
440,39
13571,50
12896,21
6954,91
1626,25
6137,00
65,71
9755,62
379,51
8677,61
4141,15
9308,20
9874,18
3636,43
14481,71
1365,38
11386,92
5886,63
11555,69
8232,83
4772,28
10349,39
8941,39
11893,48
4520,99
6219,69
8828,57
2522,73
12956,38
5861,48
1843,80
6684,17
14341,42
9111,09
4011,21
6643,30
9867,05
2599,58
3824,59
11666,77
3129,56
6973,21
9227,67
7750,88
14114,22
8640,18
9595,41
6545,10
12891,87
2230,91
8632,15
5619,48
10049,50
7439,34
11059,20
7417,53
5097,19
8139,73
7544,79
6987,90
968,45
6278,85
7807,61
10090,43
11804,73
13829,08
1189,11
6740,58
1096,73
3776,82
9717,69
7172,02
3428,93
7895,87
7952,80
10962,73
731,14
7868,83
10798,76
12764,48
9005,75
5260,52
7321,67
4746,92
13753,41
270,39
4871,31
7203,81
14919,45
10036,25
7938,68
2886,60
10372,03
2816,16
1527,65
9296,62
14244,54
10375,11
14681,49
4929,16
12467,66
9358,50
3308,33
6571,97
7112,79
10509,97
9130,12
5269,80
8589,52
6668,47
5973,63
1513,78
12251,54
6100,44
4562,15
2396,84
14638,87
10456,28
8941,96
8404,69
2976,66
8635,44
6336,56
1994,59
11428,38
5785,81
9591,82
4621,22
3623,93
3247,25
9692,70
1893,90
6456,64
11579,29
10127,49
11173,95
1334,94
13716,34
4055,39
12424,00
5566,67
14090,79
931,21
12955,02
12932,76
2487,96
7020,15
3594,78
1641,77
5327,25
12644,87
4535,03
10287,01
3797,81
8330,84
11777,42
3718,15
771,35
12969,56
8043,98
14490,87
4262,57
9097,39
1809,84
8177,80
9957,32
4670,44
3090,82
774,37
6313,48
4172,92
8369,22
3195,80
7073,22
6994,28
13877,62
11299,34
2831,66
14582,30
13438,01
1184,57
8702,21
3712,25
10104,17
14689,75
6880,40
1032,65
7875,19
12738,85
6659,81
8524,27
5674,08
1044,64
12161,50
9032,29
1573,45
2505,58
3657,02
8658,73
2520,80
14959,44
3334,40
13951,83
3950,44
7717,59
6477,97
13644,71
7924,43
7972,91
10284,75
3510,16
6410,74
6334,64
5352,66
3826,41
8057,73
11736,45
4931,81
5141,43
6169,78
1700,93
12129,98
10035,54
9223,40
5285,27
1448,50
14980,02
5955,87
7663,27
778,35
2965,85
5912,85
11888,44
14671,38
8085,37
9845,66
1940,54
3057,95
13726,53
12798,92
4235,91
8980,73
14968,36
3402,42
9139,78
1288,43
6720,17
9513,42
316,17
183,39
3729,31
9623,29
9976,11
14390,81
3036,03
12578,18
12140,53
574,13
1798,72
2946,72
4259,07
13856,91
6935,30
1094,79
5303,82
550,22
9790,92
12667,17
3583,95
742,94
12902,34
11431,02
12868,91
2542,73
8128,79
173,65
6113,16
11987,81
2520,28
13548,84
12039,92
10336,81
14232,24
1107,23
8933,14
9987,17
6595,66
2383,17
4914,37
180,84
14961,89
1628,43
929,31
8409,37
4516,33
11703,35
11231,20
7505,98
11580,62
6400,57
11330,19
5759,92
10855,07
8685,34
6485,06
11104,00
6697,98
3514,99
7603,02
113,07
6315,87
10963,90
5154,17
5378,13
6682,25
5071,83
14947,38
14885,83
3885,17
14542,41
6800,25
6596,29
4156,56
8592,26
5265,66
9392,07
1368,99
3380,10
786,89
11218,09
9139,30
526,36
14767,04
3862,42
12015,83
5487,53
3881,00
1590,73
7000,39
6745,30
7483,41
12731,37
2668,86
1668,00
7195,32
5585,09
9626,16
9887,19
3198,92
8343,07
10575,95
10197,16
13756,54
8209,03
14320,48
6686,11
12944,56
4931,22
5018,63
6456,06
8748,71
1781,69
329,86
10508,65
8838,51
7545,75
11806,05
6468,48
11668,99
4648,06
8288,22
4914,27
12939,83
14370,38
2674,11
1512,65
8425,70
9396,18
7863,50
11941,10
9378,49
8604,30
3085,27
7584,66
7984,93
7785,13
13025,61
1085,78
11718,43
7266,05
7912,13
5345,94
2544,14
3048,12
9450,45
6751,31
11785,62
12573,78
10093,72
10824,84
12191,17
4413,06
8517,90
13965,94
12765,31
2245,45
26,80
868,88
10025,74
4835,35
8683,05
7,66
11906,71
11546,71
1683,34
7028,18
4082,29
6472,16
6431,32
8704,83
4774,93
5057,85
4643,61
3813,16
12135,22
9815,29
7826,52
5201,89
8493,15
12999,05
10938,08
2661,32
9318,91
8943,64
14492,20
11965,20
13052,91
13114,57
4034,65
5818,50
5961,68
9023,36
9113,00
254,65
14924,34
11497,27
1556,93
6549,38
8,93
12459,28
7946,45
14674,43
3013,00
4877,12
12553,83
324,14
6787,39
2184,94
6014,12
33,01
6230,47
9757,87
1800,24
1941,06
2736,90
3024,97
3295,24
910,27
14306,95
4550,19
5518,74
603,35
4526,31
938,76
3377,37
4296,86
14668,89
5480,89
11429,42
12924,12
8927,92
12569,10
11904,42
9883,42
2706,61
8195,14
1664,55
5682,95
3007,80
7805,56
7214,00
5365,91
11024,83
9505,12
4200,77
3876,86
9016,09
4189,20
4561,42
436,31
11531,49
13662,54
10763,39
7608,67
5858,48
1245,65
7598,79
12625,76
7056,80
3402,94
6604,87
11869,47
12987,68
12915,46
3220,77
7764,08
6555,41
10810,86
9885,24
7226,08
13818,93
5772,60
8815,43
2535,46
7597,87
5628,37
1267,11
8428,38
8607,20
4415,31
9293,35
14342,42
13594,48
242,61
3913,25
4911,82
11940,16
11660,87
8055,41
13234,86
4162,28
10926,58
12012,45
9614,78
8980,83
3458,13
10394,92
1567,07
9987,24
1789,68
4981,98
12067,46
12651,64
14842,79
6003,23
3446,30
9785,08
6180,78
11171,35
5004,41
9137,77
383,19
7536,97
7745,58
2410,08
6713,62
10925,98
4744,59
4148,60
9809,50
12443,07
874,83
10543,02
2940,83
14821,28
7099,53
14851,55
3231,31
9823,13
3783,55
2784,90
6472,09
8171,08
243,11
12857,53
8176,90
11215,34
1844,99
3149,54
11101,76
9455,55
14693,08
8003,18
8408,95
1634,49
6899,99
6009,20
6717,55
9253,32
5495,94
9652,73
4832,43
14803,30
2558,30
7493,43
7975,52
3307,37
5393,28
9742,21
2622,48
11785,16
2655,77
1025,34
3396,06
13093,80
6381,88
6151,33
9092,26
3739,91
9945,80
5910,23
14939,59
10288,68
13704,11
14263,02
8162,06
13618,74
7621,67
8196,63
10000,38
6771,76
8070,69
2779,37
12456,80
10231,60
8029,51
9082,08
7686,31
11647,08
8609,20
7335,88
10017,67
5872,76
14631,89
3241,68
2299,47
10009,16
13437,65
5860,88
4837,78
9678,02
2611,25
645,40
7599,42
6224,41
8591,37
11166,74
14273,01
2504,13
4053,72
3302,71
1902,58
4341,96
12498,61
5545,59
13617,56
2460,46
2983,44
2339,22
8077,40
13368,89
7024,18
8172,38
9588,12
1502,97
13748,61
2912,11
10,40
12738,99
3506,86
5239,48
703,09
8488,41
3429,18
13542,37
12809,61
10645,39
9205,80
2536,92
4332,52
4294,50
111,25
9870,47
11806,65
5127,53
4352,41
12116,38
5230,12
8767,96
6850,44
7475,71
6909,19
333,13
13319,08
8836,97
4389,82
7256,82
5457,50
4421,34
9681,56
10187,51
5887,67
6773,73
10241,12
10913,00
8259,47
7598,77
2955,32
12335,02
8836,03
11426,84
1792,88
10786,59
7691,89
10197,76
4113,56
9013,77
11651,71
3424,21
14702,84
9355,11
14934,23
10523,98
3648,78
549,51
2071,63
9323,92
7414,97
13794,79
3911,59
7263,41
8466,15
8129,12
6995,33
2757,39
11178,59
7056,33
8616,67
11750,77
12548,89
1999,14
1332,32
14304,04
14593,22
14724,57
10871,53
7026,88
8891,25
14694,07
3577,20
4608,61
883,67
12552,56
9622,22
14258,52
8012,05
14472,64
7873,71
8210,89
3782,22
2450,34
14768,11
5524,01
7567,76
717,35
7136,97
11386,51
9810,18
2324,98
7986,29
13758,77
12609,83
13391,02
2257,84
14933,12
3769,79
6144,42
1174,04
14760,89
14414,25
2067,09
5332,15
11944,17
12233,27
5848,52
1184,48
9708,31
8813,80
6246,57
6578,57
13319,09
3878,88
5084,89
83,66
8172,93
2292,32
5957,51
4991,21
10049,99
119,73
7294,00
102,14
2701,62
2456,62
1489,48
2989,55
9174,24
2252,81
13714,53
11237,78
68,68
2411,64
9971,37
11349,41
10506,60
1624,38
1834,28
7202,10
4718,52
3855,82
1553,65
6002,96
11793,86
10834,91
14232,69
6306,37
8074,54
13838,15
9110,37
14091,43
14064,88
5759,72
12216,84
3899,37
9577,12
13445,30
5462,68
7399,48
4819,34
8603,28
5802,59
8295,20
9520,11
14551,28
3747,32
12869,10
14160,07
11630,41
2644,64
8333,12
7393,97
121,18
10850,74
10363,26
179,11
5053,39
4434,24
7294,39
5846,54
7765,19
1465,18
10043,33
4629,20
2565,47
13107,85
4534,11
8274,17
12716,40
3601,52
3951,81
13372,92
13434,19
8869,58
5891,81
9522,36
7378,99
4605,44
7351,78
11778,02
12382,19
12233,95
10770,15
7526,01
4199,52
1667,44
3084,45
7873,39
7935,76
14503,86
10233,61
13963,82
8237,91
11203,52
6522,20
8131,32
9714,45
4189,76
12654,88
12849,79
10126,77
5744,19
13960,58
10374,48
5841,32
8281,03
9984,30
3987,02
7225,28
7452,44
9404,24
4271,67
4434,83
6356,45
8210,45
6029,98
1723,04
6097,96
13062,73
8773,28
1177,85
5754,74
7252,32
12175,79
5385,55
13124,73
12874,05
8093,94
14754,04
3662,75
13399,57
82,96
14366,25
2328,29
11807,03
4789,83
11433,34
2197,79
797,55
6862,76
2708,50
4660,93
6633,11
8857,21
7939,53
8532,36
13261,93
10269,51
8786,26
99,70
7792,38
5239,40
5736,42
14777,99
9756,81
3981,84
185,33
4560,77
2607,87
4196,75
275,87
7540,60
8872,38
12108,45
5358,94
2259,86
7468,02
13598,34
14726,65
9772,46
2673,98
5798,93
5118,11
13936,24
14516,65
1592,73
1783,43
13886,68
4603,17
14684,26
10648,43
12430,77
4936,50
1750,31
10370,36
8748,56
3467,42
7406,00
9762,46
12575,40
1256,18
10333,44
5410,81
14717,00
10740,33
13589,85
13393,52
7760,64
5861,75
10169,07
12931,12
7169,98
14909,29
5054,17
5648,10
6098,45
3396,57
14702,75
14556,23
5425,06
2068,30
1920,64
4148,05
2604,12
14927,56
5263,84
6332,34
6575,76
14704,33
4318,58
9766,41
12984,29
14272,24
14995,15
178,21
6658,80
8168,80
8695,97
591,56
2279,45
10310,12
2916,00
14740,84
2736,22
13674,13
13933,07
13772,72
6590,23
9335,59
8302,54
9301,85
5998,53
11741,24
11492,93
4400,26
11493,37
8267,56
13353,22
10776,60
1620,92
4056,72
1075,58
3789,61
1761,58
5534,36
14296,47
8342,20
470,16
9411,04
7554,24
12044,94
2791,61
4972,68
7421,79
2503,77
8762,24
13370,74
6800,86
4900,76
12344,58
80,90
6706,86
5044,93
12353,37
8160,62
6171,53
5326,45
2979,97
2536,70
1062,67
12712,19
3376,56
9998,39
5464,06
5716,75
2509,17
332,86
2866,07
5054,19
1664,40
2466,66
8139,91
11118,03
4189,31
2378,34
3808,41
1021,28
9102,92
3978,26
142,34
6082,84
10857,90
8443,29
5690,42
1354,28
7045,48
6645,54
9734,06
2841,88
13205,87
11286,13
12262,26
2908,72
8296,58
4557,66
3917,90
12543,04
8485,62
5327,37
9398,10
14423,50
8175,46
4428,88
10936,99
12543,11
8763,95
12776,25
8682,82
6574,61
5518,21
4675,07
751,38
14656,55
3948,21
896,80
3512,31
104,53
6178,35
9688,50
6293,78
12394,96
2777,91
7974,93
14317,61
9670,04
5241,50
7829,73
12326,46
14050,19
4573,61
10173,46
7450,69
984,54
5961,47
988,32
3366,60
5827,64
4549,05
11480,23
4913,47
2694,15
436,63
3876,95
2570,23
6880,99
3758,58
1212,49
13059,48
5585,39
649,33
11969,44
1301,11
8562,07
4439,78
9570,83
14956,34
10232,25
9811,73
4156,48
10797,32
1228,85
5227,43
9017,34
12671,89
14270,97
5290,65
9839,31
7575,83
10801,30
4165,12
8652,53
10348,51
5431,45
13094,96
986,02
13830,17
222,10
5203,66
5016,63
14303,40
528,45
977,49
12300,34
1384,95
7222,20
4852,25
9734,23
14075,30
9931,19
8843,42
9188,11
6051,04
4712,73
13061,77
5346,22
14346,16
13650,77
796,19
9870,79
5041,20
1941,70
7920,75
11039,70
11414,24
1184,50
9866,87
8581,05
9003,54
12417,66
10797,62
12746,67
9308,27
535,01
9401,40
9241,76
6894,28
14534,84
13983,12
4882,79
3875,13
14693,90
11948,64
8877,72
11535,03
8393,41
4183,17
4957,90
3957,11
769,33
1338,42
8488,33
12008,58
13615,29
1526,16
6470,05
14746,36
1896,13
2086,85
14125,86
4440,13
10916,15
13059,44
4596,26
5673,79
5999,97
2644,85
7271,37
8415,70
3839,62
7114,60
14509,17
9069,40
1110,85
1233,46
7914,01
13682,36
9309,83
13388,48
11991,34
2964,73
800,23
5379,08
5647,49
10473,96
2946,41
4516,42
10601,42
12594,84
7033,61
11671,02
9705,43
9516,40
10038,89
7921,11
4343,62
12831,02
1440,68
3105,24
11317,43
13548,12
5737,98
4520,31
8995,75
386,31
10509,33
5428,12
9001,51
10320,89
8728,44
3335,32
1287,00
348,59
11603,33
10574,78
5013,70
13392,74
12612,11
12508,53
9732,48
4457,82
5143,35
4873,73
10734,45
13262,33
9939,41
12796,51
13955,19
4910,33
730,49
13786,70
7672,60
9734,95
6137,01
13122,59
2721,58
4640,03
923,99
13699,90
6455,48
10868,98
3860,11
8700,73
3845,90
8171,32
4854,78
5056,71
4315,61
13747,99
7031,19
13321,77
5001,57
13109,03
12845,25
1713,94
13660,59
8909,54
1715,94
10337,17
13205,33
8090,88
12665,29
13992,22
1289,97
8498,73
1939,96
7382,86
10823,68
4720,84
3253,16
7266,36
5764,80
4369,75
7848,71
3442,99
1939,01
4580,71
2861,67
2772,56
10909,57
2735,97
6082,47
4249,13
8540,59
1722,49
7685,23
3251,83
12472,08
6673,09
14215,93
14457,02
11020,10
13561,26
1185,05
7406,06
12373,22
383,94
12151,59
8892,28
7072,93
7831,05
12135,09
10205,62
13207,14
12394,46
405,50
3255,01
6899,05
7375,92
3944,35
7650,27
13622,83
12128,06
8963,85
11607,58
12381,91
7286,72
3241,51
5469,30
10602,95
14432,86
6993,05
1611,40
12490,94
10282,40
7980,37
6199,36
6607,07
1195,23
9292,64
4921,25
14662,32
9146,30
14235,10
550,19
2405,40
1553,96
4537,24
14331,19
2963,71
13898,93
12870,32
13052,78
13481,48
8077,88
13567,35
8582,25
3869,50
13090,40
6597,01
4663,74
9100,70
3063,60
4601,86
7538,39
1174,20
7075,95
1310,62
6772,81
11701,06
6560,08
10676,42
14110,94
13057,41
7638,06
8400,27
3408,31
10166,69
998,36
10934,86
13994,98
3683,51
4990,86
12108,10
312,32
13655,16
12382,69
4014,03
11723,42
781,31
23,73
5590,00
4001,31
14879,43
395,14
8763,98
10491,31
986,63
8201,60
896,80
7846,65
10035,62
7757,85
14062,37
12858,43
6500,89
7917,37
706,22
3116,07
14806,11
8384,37
11153,23
13102,82
2186,72
5132,17
8306,14
11847,52
14612,46
850,17
341,57
4173,04
14901,27
13754,20
8044,05
6191,98
6510,17
8418,41
11917,04
12665,61
10845,19
4699,27
14559,64
3649,31
14969,02
10166,12
347,58
7407,77
5064,46
9105,66
9890,89
391,65
3932,85
5483,94
7191,42
331,19
9787,37
5725,04
1551,04
1272,88
3933,11
11835,91
2236,82
12863,65
8517,86
3871,89
2105,67
509,26
7118,28
7691,33
6857,20
408,44
14556,16
10564,99
6769,09
11227,41
11043,49
14871,69
14087,59
14941,81
3134,77
6848,62
7297,64
4688,23
435,83
13606,57
2276,99
12757,14
11625,68
13730,96
1752,59
12477,00
6862,45
14286,31
11485,07
13882,68
1959,81
4102,88
2929,76
14314,52
4452,83
1431,96
6439,08
8040,08
653,37
1975,33
3314,60
11170,61
2351,04
2319,82
3026,23
6633,67
3691,82
6791,94
14969,50
7289,15
12735,43
12867,54
6806,69
9999,77
1079,02
10899,24
6325,98
8625,41
3796,99
4871,28
5299,33
8148,89
5069,98
2121,29
13431,96
1533,59
14150,98
9489,42
11045,36
8137,86
4156,77
10560,56
14246,42
12915,02
14424,40
7989,56
8698,38
9214,83
4188,76
13859,30
11467,54
9186,98
6327,51
1161,02
7743,05
1525,99
12257,65
5124,76
11311,78
5774,76
14677,32
4388,69
6635,92
12295,30
12336,35
14303,38
10031,35
12179,98
10887,86
3477,73
1137,25
3757,93
3129,43
4519,48
12641,91
4354,90
4139,04
12733,87
13420,22
9557,06
4817,24
4034,66
10645,30
1555,32
6780,91
11531,74
4067,00
7041,48
10692,50
11357,08
1823,44
10140,29
14688,86
12012,70
8943,89
5240,24
6767,33
14981,46
923,64
7707,93
7222,41
8495,90
10162,38
11051,49
4301,40
14650,68
12867,43
2048,93
3379,14
4947,61
4754,66
2375,96
11859,71
8158,72
6189,80
5966,03
14216,82
9887,22
6698,84
1736,76
9723,51
5752,92
10680,62
9653,97
956,50
7236,91
11301,81
5242,06
9223,29
7044,19
7268,67
10685,07
9950,78
9640,76
13956,06
13355,08
60,83
14666,38
14379,17
5625,80
4199,37
1878,18
9320,26
13572,66
10956,99
6681,08
412,53
11768,80
3829,55
10747,98
14235,14
4386,13
4491,15
10895,82
5170,93
8447,10
5035,10
8420,13
2172,98
2358,92
8735,08
12246,82
10811,49
2112,95
1651,63
5014,53
5539,43
14697,22
9139,34
14085,59
2994,78
7460,40
10437,73
8056,34
11403,56
12061,83
6632,85
1495,89
9200,30
4087,83
3501,47
14481,47
11813,77
14383,34
7229,07
5933,64
11861,39
1258,83
12865,13
2567,62
12844,52
14764,17
10211,52
5245,65
11954,60
5303,61
7151,90
3428,96
4695,00
7540,66
11897,07
11645,87
5594,01
10798,67
4781,62
6321,95
2996,35
11050,14
13561,70
537,79
10743,09
1943,02
8522,11
3446,58
9336,33
11578,16
1101,70
2608,77
6472,17
504,13
14232,45
7613,82
10581,25
12963,45
2553,97
10833,75
11078,06
4891,07
3762,55
3749,65
6622,58
10978,90
5170,23
13388,79
3157,39
13840,17
3320,11
6039,76
12783,57
2633,70
6158,38
14245,99
10021,12
2616,11
9388,21
6121,82
9381,57
1897,37
11586,04
13559,35
12818,14
12105,15
14155,66
13098,55
11048,37
7924,43
11417,70
2688,93
5594,96
11436,07
5623,06
4910,93
1657,99
6563,68
4726,83
809,58
5797,65
13127,76
14951,48
1423,90
5559,29
13468,55
13325,07
11187,42
110,27
13953,73
13051,80
6011,06
13322,92
11318,76
14333,20
13717,38
7284,79
3716,97
5654,43
3530,42
661,93
293,72
11622,03
7119,28
2838,79
14037,44
269,31
12407,68
5542,26
7095,55
11151,35
13846,68
11713,57
589,93
13335,43
12377,15
14306,72
2875,62
2152,62
9629,25
1951,26
3071,82
444,24
1967,45
13173,21
8516,98
5701,99
2456,84
9008,02
4060,26
6375,68
2000,03
11420,70
3370,35
11357,62
14649,90
4193,38
3340,20
861,61
5710,94
3191,38
14479,11
877,60
7241,25
8076,12
2821,33
10344,16
902,72
11119,98
6260,59
8154,52
8471,74
14056,56
5744,15
6090,66
7547,37
5973,90
6652,56
6457,54
2992,72
6082,70
3626,00
314,66
5185,68
14573,94
14795,53
5117,50
6265,75
8333,63
1841,02
4796,08
3266,23
13652,25
11368,53
11775,47
2223,52
6635,22
1159,90
9111,23
9131,54
7482,51
9200,16
11411,52
6319,31
11877,22
2136,90
5718,24
11031,96
2781,60
9857,23
6732,89
14418,41
9940,14
6468,86
14273,06
12142,71
7328,11
14656,22
1747,43
14214,34
10984,62
8468,32
10722,63
4788,61
11682,37
12060,78
4549,28
10618,16
2700,01
14217,68
1345,78
4066,84
8001,63
5752,30
2325,28
11743,55
1798,74
1202,60
1663,26
14929,89
14963,98
13106,85
7373,01
1757,19
161,95
10987,84
11930,88
7470,12
14560,38
10763,08
3485,34
9171,95
6514,63
3018,10
8153,49
506,40
6500,91
5942,33
5617,68
9874,21
4239,70
10622,67
7886,84
6278,89
1409,48
6130,81
4069,66
6368,92
8617,46
7833,36
12089,41
560,53
11018,83
11051,41
329,39
11898,23
9952,45
11250,36
902,42
9429,62
2300,55
6004,40
2404,90
1787,40
13850,87
9452,73
3357,41
4584,07
14559,46
3020,61
5298,39
10328,87
3943,26
11207,98
8519,98
11463,22
12227,56
8974,85
1026,94
8428,75
14872,81
10448,19
5983,26
841,16
7099,20
13519,27
3607,15
9799,12
1487,44
12859,80
6114,18
11678,48
13797,62
8564,91
3221,21
5751,39
3250,71
4065,92
8382,03
4648,29
437,54
7400,47
618,95
1643,42
8179,79
12716,32
8231,86
2647,86
3831,80
4512,40
1525,12
14735,98
3815,81
9052,67
5168,32
14814,16
8596,27
4528,55
10092,72
14262,64
6192,22
4226,98
2366,09
10154,44
10267,35
13927,87
7334,29
12687,76
12914,30
10658,76
10352,83
2154,35
14238,10
2450,42
2450,59
14911,20
4791,43
4891,79
10738,88
24,18
5572,17
3495,44
7479,82
12083,78
11165,61
11081,39
6024,79
11433,62
12485,45
1023,64
14089,93
9092,68
3815,32
14300,53
6314,08
5165,01
9581,77
2176,49
5955,22
8446,92
4641,33
12497,01
980,81
8484,44
8132,05
9459,97
8995,27
153,48
4624,49
667,47
12386,43
940,01
3419,67
2860,76
11463,54
5618,68
944,11
11094,18
8946,53
6133,22
3965,70
6119,89
10231,51
6770,38
12709,58
11041,19
4281,91
12883,18
6135,46
5021,02
8074,82
4314,87
2179,36
5636,10
1635,64
409,61
13211,41
8273,95
12578,07
9109,35
5160,62
10809,48
10975,05
6471,13
1573,10
3098,70
3417,85
14959,40
14318,53
2071,18
913,68
12006,59
291,82
13064,11
3637,47
12797,30
11231,17
4819,28
1690,48
4642,10
1520,77
831,60
1080,72
7723,57
14685,90
6148,86
14351,37
8188,56
6961,24
12236,59
4290,75
1341,36
13810,44
9350,72
3891,04
14806,48
2166,22
82,21
4038,71
6134,63
5467,33
2015,62
7615,66
950,20
13041,78
14251,08
10747,81
6682,22
6771,55
12448,69
6196,83
8632,51
3811,63
5153,74
1831,68
1693,23
4383,91
1128,41
5784,28
10880,13
6787,32
9768,68
2428,94
5181,80
5314,19
13195,53
485,98
8629,57
13367,19
13293,22
7889,86
10439,73
9942,17
9374,70
13246,47
5911,92
7479,28
8942,86
3856,85
13891,36
1233,64
2082,05
2117,37
12662,86
5197,90
13541,20
14162,29
10808,68
3969,63
2323,25
9010,25
13583,63
5118,45
5008,85
4232,84
4686,89
6330,77
1513,33
1478,80
7871,84
2992,56
10606,34
5872,18
12272,73
2637,95
4308,12
1855,94
7475,87
12738,99
7581,22
10851,60
12574,43
1065,80
11430,15
1300,44
1732,29
14471,82
12307,09
499,78
10799,08
1897,05
3680,86
882,82
764,54
11651,30
6733,83
767,64
10015,07
6938,86
9696,91
6906,03
4900,97
10269,71
4011,96
187,09
11384,32
2098,90
9356,95
442,91
242,90
7939,36
4332,78
2260,86
13351,26
8097,01
5015,85
7080,09
7899,98
14365,19
645,09
1519,25
9652,93
9363,94
3359,11
13907,38
13627,02
13621,35
1181,76
2644,13
4496,18
3997,13
5390,30
2755,93
14150,79
1789,83
9661,21
896,60
14899,29
9684,69
14401,71
12944,54
14371,01
13349,95
8196,54
8898,54
4626,01
6200,72
10078,27
7102,67
3399,82
1155,85
6371,05
2524,97
12955,96
10918,40
8932,38
1947,48
13104,84
13414,10
6220,36
9113,82
10363,19
4801,58
11710,76
5229,80
6099,61
1949,27
12134,59
12269,87
6640,51
11994,85
5551,25
12311,01
8184,09
2926,78
14084,40
12155,96
776,47
14102,83
4905,63
3354,09
12414,42
668,48
8972,76
10481,20
12947,79
7041,32
11826,67
9102,23
10027,46
5676,37
4628,33
8696,96
6417,84
3025,36
5228,85
10028,10
8498,80
4789,60
13649,48
10327,40
7575,25
9603,29
4991,93
7750,13
2718,68
14619,33
325,10
7967,49
7599,05
1139,44
4704,90
6592,78
1883,14
2570,17
12538,52
12938,44
1146,93
2868,47
4622,01
9974,28
11244,67
3351,60
13550,23
5424,17
14532,48
3133,19
12180,36
6885,51
12109,05
3515,05
8539,53
1995,92
5339,33
8122,17
6563,03
4639,33
1057,66
8559,58
12041,84
605,19
5459,57
12577,92
5194,57
11852,40
14599,03
12534,49
3247,90
7027,55
5954,00
1913,90
8690,11
3740,26
1126,33
11061,31
4661,33
10362,95
6862,77
7030,26
6140,78
5020,77
3264,27
2321,05
14680,15
14397,45
1492,12
14562,46
1483,73
7793,71
12766,16
10994,84
12521,01
10795,21
1311,13
2175,25
11930,68
5485,08
12748,97
5813,35
5035,62
1103,23
9308,21
6880,35
10877,89
9586,31
1114,97
13323,00
11922,78
12690,76
5308,03
6865,56
13386,47
3169,37
9431,80
1783,57
5176,08
6058,93
10800,13
174,93
2057,31
507,52
6379,76
7530,90
8002,96
13778,40
9040,42
11182,73
7711,67
3139,82
8645,08
4537,43
338,31
12768,75
10927,18
3087,68
13510,45
5536,98
1832,53
2249,85
1309,61
2155,57
11503,46
12126,01
387,03
112,73
12830,06
14808,57
9533,11
6859,75
14201,21
4311,10
7520,66
1147,42
4931,87
6883,22
6050,45
1833,25
10626,25
3140,44
1574,03
9579,12
12899,76
190,58
2728,77
9747,71
2441,09
9937,80
636,40
993,25
5940,23
10190,18
13945,84
7979,30
5207,83
5702,81
2333,75
8217,67
9322,13
11222,43
14361,44
14354,69
2869,26
14038,31
415,56
7582,12
9681,70
1454,33
4382,94
9673,54
4480,44
5104,15
5312,59
5040,50
12581,13
8943,69
7291,72
6089,49
3916,43
10305,73
7361,36
4285,55
14058,27
1768,67
5241,26
1041,45
7421,09
10156,11
3891,50
4424,48
6797,39
67,66
784,77
479,51
1714,75
5256,33
11409,17
14141,37
3690,71
1033,36
14425,94
2338,77
13754,22
5687,08
1885,01
879,76
11817,58
14084,53
10915,09
13998,63
4802,64
6832,52
1321,41
10627,28
11769,83
2155,58
11326,92
6478,11
1304,59
2303,93
11492,99
8818,48
14362,17
1530,88
12438,99
6508,67
906,64
10407,61
8926,86
8747,93
11179,76
1394,07
3464,06
13627,84
6251,05
13872,30
1746,62
12707,09
5959,11
14133,48
5191,36
2230,47
4733,42
1000,25
4996,17
10568,79
1362,96
6629,53
12443,86
1767,32
234,11
10787,13
9305,78
9823,78
9625,58
11469,77
7048,79
5937,54
6962,60
8511,03
7722,16
6406,32
12949,41
11344,45
4307,23
1395,74
12869,02
7807,92
7395,03
14207,36
8697,42
8734,62
1494,40
9946,36
10682,38
14419,33
8050,21
596,41
4505,85
12346,36
13432,49
13958,94
12260,15
1141,18
6602,75
7384,23
8231,90
4365,75
2339,85
3441,66
694,98
12769,11
1133,98
5565,74
14620,11
9355,65
7445,50
3866,17
10103,24
2847,40
7067,81
11520,00
7769,88
2547,79
1137,64
14049,41
2711,12
9904,43
3205,86
3220,90
3288,02
9679,43
8953,94
14979,98
14477,41
14399,48
10862,26
5230,74
10340,68
2859,14
13790,98
6867,70
4864,79
3037,17
3561,35
7726,05
2052,18
12614,11
10425,39
4895,73
14769,83
176,41
7438,81
12434,69
2619,72
11604,28
7102,31
1552,32
3334,26
12499,24
6090,00
4176,27
7622,85
8502,64
3206,41
12665,22
13892,79
12446,37
12550,68
8729,03
12391,56
13223,77
1932,32
5057,03
12031,55
1855,37
10440,86
507,07
11877,37
1558,09
121,10
11355,00
6514,37
4087,90
4346,59
1289,02
14610,06
13038,31
5288,79
6903,56
74,11
9518,76
3451,94
11457,01
4298,13
159,70
13183,92
1014,60
9506,00
10480,99
12207,21
6177,26
6057,63
7342,21
14011,06
9486,27
14866,85
9830,24
14723,97
13618,57
12102,22
2254,60
6065,29
10176,13
10681,91
7119,05
3056,78
12813,51
11859,48
3788,59
10006,61
4185,36
2281,11
2746,85
4806,82
6752,09
11779,30
9403,73
2050,79
6948,38
4777,11
11115,47
13832,24
5644,63
10598,87
14829,28
11075,51
2605,31
4978,32
3573,44
6289,98
5355,16
6722,91
14199,02
1853,51
2407,55
11142,16
11823,42
9595,49
8117,37
7185,84
9034,78
6265,27
8412,88
1129,67
11967,73
5086,79
7390,31
8459,08
1787,61
8468,50
2417,69
5575,54
7797,85
10200,00
9014,38
3168,42
10462,53
9279,38
11408,21
5428,89
1106,62
11437,76
6214,23
7888,49
91,83
11489,87
13689,35
8849,76
1162,98
12150,00
5471,54
10454,81
6181,35
4232,48
7499,06
8543,15
4785,18
9479,50
14310,25
3817,16
1197,03
4121,78
8375,08
4538,95
6263,14
7779,88
2980,71
14144,22
1648,80
13052,74
1443,10
8994,08
9000,44
8620,14
13064,13
7522,44
657,41
12277,03
7209,06
4370,89
4788,98
9768,99
2216,82
13911,76
6655,47
10209,17
1006,73
1912,60
13357,57
11062,58
721,74
3407,24
7311,73
1602,11
5473,69
6511,42
12043,81
7957,74
14067,89
14408,71
11107,37
6314,91
9394,30
7043,75
14585,08
5992,49
3120,27
4563,61
13921,60
3571,98
13664,62
4269,10
5333,99
12068,85
10886,79
2902,31
12916,64
10750,29
11673,63
4338,85
11081,04
6293,89
1002,11
6068,28
6595,85
5183,57
4195,23
8915,94
3456,70
12918,29
13594,83
13595,83
7725,27
13802,37
9250,40
7125,37
8168,84
12830,56
1373,81
11304,72
2129,87
14712,31
9364,23
1844,84
7891,05
2750,13
2806,01
4575,15
12862,31
3546,55
5718,25
6925,07
10626,82
576,56
10860,06
14933,46
4443,94
126,05
4918,53
12644,60
2851,29
7162,70
10804,73
7057,19
3410,51
13464,46
6838,35
13518,30
8847,56
3721,30
6500,53
7051,90
5692,68
11734,29
3836,49
8992,56
7273,99
11419,65
4704,34
1701,11
11721,84
2985,93
8596,61
963,22
14533,55
7414,77
5588,18
709,40
12351,02
2415,87
12379,12
4185,73
14093,68
7845,72
12767,04
7213,21
579,40
404,06
8039,07
10258,57
8657,76
3688,43
12595,67
9924,58
8139,56
12708,44
7446,96
10808,15
7073,80
5927,64
1958,92
4554,14
4020,40
14750,36
12819,28
676,07
8715,56
2693,70
5951,27
12728,39
2140,33
14332,98
9363,72
7061,73
3666,24
12394,09
3306,75
422,83
11318,57
2070,28
5272,07
4208,12
11256,29
1295,38
1160,51
14128,19
7593,80
9039,92
6354,75
1261,21
2534,61
7159,17
8323,08
6180,21
8148,34
4450,47
8152,98
1653,48
2618,97
1836,24
7372,55
8638,24
26,19
7297,75
8558,41
6934,79
13863,81
13219,61
14289,85
6899,13
12479,72
11844,98
9420,18
13408,81
12590,86
13108,95
6183,71
697,88
13970,41
13769,31
14854,80
3551,19
3050,47
8323,38
712,65
12772,21
5245,68
7490,16
6015,70
3562,58
2519,09
4199,28
2893,69
14658,78
6332,73
1491,85
4037,24
3138,49
1191,84
14629,59
4769,99
650,86
1042,22
14753,12
7283,99
8438,22
14544,08
10510,53
10053,01
3312,64
6568,42
854,13
11280,56
11919,34
615,24
11685,24
6249,88
11583,80
1183,22
7294,14
11101,04
3613,79
9378,93
8490,40
11578,63
12362,40
8729,43
3931,08
8795,66
14277,66
13524,10
13686,96
7930,67
10758,93
4290,85
12021,78
11111,85
2138,13
4974,14
12832,95
11662,48
14318,91
1941,93
10872,00
8264,81
8172,79
4224,25
3855,89
905,20
11094,76
11880,94
13986,14
6926,07
9648,68
12315,89
77,11
3814,32
14622,24
4895,17
1715,63
8111,62
11683,66
10141,24
4710,85
5038,16
13273,04
65,49
8887,24
1944,46
7809,70
8587,92
2423,46
3438,35
10445,96
11777,82
11164,96
9863,85
5176,09
7966,81
14930,60
8414,16
2718,67
8710,35
2414,71
10412,55
5168,20
8449,68
5530,37
6965,76
5060,05
4036,23
14875,79
12183,91
5226,03
2399,19
7180,47
13995,19
2745,12
5096,22
2644,02
7072,46
7724,81
11562,04
424,02
12204,98
3779,24
11186,83
1963,74
7716,42
1403,76
7282,75
12715,41
2241,09
1486,98
14557,25
10430,70
9947,85
3058,87
7100,02
8054,65
4967,49
1331,48
7402,16
7857,98
8371,65
2193,62
9984,13
8407,52
10365,20
4173,32
9084,74
5977,61
12615,08
3446,35
2973,66
6492,71
8075,49
2493,81
11796,03
4996,06
1376,02
10024,93
11125,82
2774,85
3560,63
12017,77
12539,49
10964,90
6545,40
6052,10
3035,59
5814,56
3947,93
3385,79
12451,00
3497,36
12034,71
10850,81
12981,24
3154,00
3499,78
2352,59
10642,15
10807,30
19,09
5182,84
8205,17
8154,96
10818,85
7523,87
6625,47
14363,84
4580,04
12554,38
5588,84
14584,08
6839,50
2468,64
10643,86
8696,18
552,53
14778,82
12017,64
7649,07
9279,36
12963,24
3868,56
9825,06
6435,14
8981,91
4475,00
12498,24
12502,29
7009,79
11672,71
2622,47
14926,03
10889,57
11150,24
9684,40
14790,29
4349,08
9207,72
12378,85
1625,99
10376,71
1548,40
6696,87
11972,55
4756,21
6681,27
12831,73
5677,02
13547,37
8155,67
3173,38
14727,58
12099,19
12981,71
3293,91
13663,63
3311,00
13990,91
12097,71
5718,12
14582,01
11091,83
7008,19
9251,20
11491,07
1537,40
3340,58
4249,91
1481,31
796,29
6903,76
1581,42
12233,73
859,14
5955,94
11043,59
3456,34
14256,62
5241,66
10442,80
14519,30
5208,07
7140,25
7508,95
8905,97
6781,07
10377,55
4686,83
8218,41
832,46
2757,20
8184,67
2452,33
12012,58
1037,92
819,33
13126,91
3204,10
14686,95
13780,11
10243,05
687,99
3456,42
13553,50
2752,57
7,09
3073,31
3462,90
14875,50
6626,57
12082,94
9242,64
12230,23
4329,05
1177,25
5099,27
5096,99
9798,96
1781,84
14121,55
9714,88
2528,23
10453,80
8903,61
2045,38
12504,94
8825,77
2059,10
1426,22
13655,21
3398,02
7490,45
12036,17
3922,89
2551,12
1230,06
10821,54
7571,90
6482,28
1251,11
397,31
11998,85
10240,92
4982,87
12100,17
13113,36
7417,49
12728,06
310,69
7463,19
786,01
14829,86
4475,59
1993,20
14278,11
1850,20
10917,89
7234,67
2215,30
9380,24
13391,48
2692,42
12906,80
2077,36
2849,19
4792,40
8590,98
2094,52
6067,61
6388,67
811,41
6936,11
5512,24
7964,64
6217,59
14222,75
6440,93
4809,67
14500,21
6915,22
13149,33
7919,62
1178,10
1021,49
8412,20
7024,27
1301,06
13701,94
4070,61
9452,89
10378,91
13453,41
4700,11
13746,95
8730,27
8790,08
9242,00
5179,50
9627,98
5222,94
432,19
8884,11
12272,60
12470,69
1520,53
8885,92
282,04
9906,68
13891,16
1715,77
1672,23
14194,44
11842,13
14455,68
9651,20
8493,22
11832,10
7604,79
9209,01
12432,12
14894,67
14541,90
2638,01
3009,45
5228,98
11408,71
4246,65
8900,54
9461,98
4025,96
12994,09
10083,20
3551,70
8246,08
11450,83
11060,88
1382,08
9477,22
4526,64
8357,67
5513,98
4761,03
4156,61
3558,79
14872,03
11362,96
11077,44
14690,05
12822,34
11184,31
3036,87
11611,53
11394,48
2218,48
13234,77
479,64
4516,12
12806,46
11580,79
1627,42
7359,59
6561,07
11269,63
10654,96
6802,62
7027,08
13339,93
12690,46
14579,32
1488,79
4639,49
1863,86
7504,70
3459,88
14985,66
14767,45
1081,61
9925,59
8044,22
1485,79
5080,13
10462,03
8226,59
4176,45
12981,06
6432,35
9768,69
8171,53
14542,64
4237,31
9694,08
561,08
11031,76
9446,88
581,06
9827,04
12949,76
6083,83
12229,81
5619,63
14891,23
10763,48
13384,28
2936,71
8130,15
8149,61
10521,54
10853,75
4606,83
9820,14
14828,54
1600,16
618,18
14060,59
6632,18
1743,33
12706,89
10799,75
9376,36
1944,62
14750,58
11440,15
12279,42
14523,78
5424,86
1465,05
4935,06
2450,62
10595,06
9630,36
411,62
13341,93
8571,14
9059,19
4706,78
4052,91
2211,48
9506,38
8058,18
547,73
14414,86
1540,56
6696,09
13423,90
3314,28
5545,21
10883,74
12628,02
7857,87
2477,61
4875,04
9950,93
11786,88
1597,40
13243,32
678,67
13674,79
7113,10
4000,19
5215,25
12561,55
11438,07
2792,01
9623,26
6810,91
3923,10
3792,61
14765,66
6263,33
13994,12
8892,10
3259,34
1621,88
7677,79
1782,57
5376,84
8551,17
8326,23
10305,88
11672,48
10755,28
2720,31
12285,13
12268,36
4357,54
11091,40
1106,63
8496,50
4417,59
8148,95
10005,89
5052,82
4128,69
5117,23
7011,07
14991,86
6795,32
14425,55
10236,84
9537,91
12546,46
7236,21
14958,21
7212,73
8330,50
8356,96
14730,81
13260,28
4839,04
3448,07
5794,31
10318,74
5735,17
4405,27
6630,80
12810,51
3891,90
861,31
10888,28
11584,56
9196,61
12090,11
14659,82
14236,93
2222,38
7118,26
5947,94
1635,70
13364,91
13283,03
7823,30
9527,65
10696,62
13886,82
13711,96
11529,18
9741,52
11959,18
3281,05
1612,29
9779,48
9106,32
1862,98
3771,26
2221,88
9988,25
13195,93
2091,09
8932,66
4003,95
10281,99
9745,84
2163,17
9457,27
1072,84
9901,91
4359,80
7345,53
600,44
6413,19
8244,11
1110,37
541,54
7164,61
928,34
14595,63
5498,56
9361,01
3169,46
6101,75
9559,50
1412,97
11472,21
8685,77
11149,18
9923,43
12346,45
4612,65
14944,87
2460,62
9653,84
10771,01
379,88
13686,40
7529,36
5329,33
6604,14
13991,13
6125,03
7256,21
5568,05
5182,71
7279,89
6800,02
1354,20
10550,87
10849,06
13195,67
3938,45
8746,74
11160,13
171,25
10056,39
6669,13
11192,00
14926,95
288,42
3929,40
3971,33
3537,29
3333,08
11190,37
684,03
9289,44
6800,03
6476,92
10817,73
10884,12
13622,94
7983,96
5046,70
7709,09
6750,70
7017,75
2289,39
2107,17
3173,87
9969,42
7842,59
63,83
7367,93
1794,15
13257,45
2479,58
5145,62
14483,36
3326,46
2313,68
2637,32
11797,30
3309,46
13508,21
4214,05
9741,82
2626,05
6443,18
13352,32
13637,56
6557,76
2802,17
7070,31
10030,87
13281,58
6266,14
2425,87
14769,79
8788,61
2586,60
4734,12
10991,91
3070,93
698,97
6100,66
4417,41
1830,95
5321,32
9426,75
1120,68
927,76
5521,65
13745,24
8246,24
14733,11
14020,10
6736,79
10606,96
997,19
5340,47
5947,41
8844,78
8969,06
1534,49
1920,03
3109,11
10576,34
10230,73
12351,30
14735,70
7689,02
12439,82
8589,65
4434,95
7287,32
6349,98
4492,63
8009,55
8347,72
5721,48
3020,59
8149,99
5827,37
10090,65
13099,79
6839,18
6660,93
9831,63
1298,49
8226,78
7855,04
8888,64
13846,60
7969,09
11466,65
12465,20
6163,96
14008,07
8871,85
8171,19
10824,28
11782,15
7300,26
11909,87
14925,02
3770,29
530,87
2708,63
6742,10
14823,60
5895,65
7781,13
8348,82
12827,80
5007,12
9908,99
1946,17
7366,89
11133,64
3330,78
20,60
9208,73
3998,69
10243,86
14634,22
11915,82
4146,41
1428,49
8274,10
11398,77
6282,80
3965,48
11836,34
7363,53
7656,21
10579,89
6967,47
9367,61
8069,79
10648,32
1624,42
11130,34
9851,86
7571,44
12157,38
11779,91
4804,93
12919,14
5335,03
3477,06
9044,60
13467,16
14676,90
10594,93
120,65
9705,63
12562,90
294,49
5126,36
12223,83
14706,97
2528,45
4211,04
10239,23
1091,14
4982,83
13720,86
6047,37
4275,91
11781,60
9340,31
11373,59
14628,59
2487,39
184,75
4896,83
3754,34
8944,72
13430,60
3124,88
1954,32
9592,49
7634,28
2900,16
9643,29
1335,58
3240,89
6680,76
13825,61
4340,31
5721,83
10680,68
11799,27
2569,15
9748,60
10614,98
10779,53
9648,60
9444,30
2145,27
10106,75
2483,21
2962,70
7086,70
9007,75
2489,37
5552,07
14232,30
6411,78
9703,52
8001,86
824,34
3195,06
11523,36
8148,30
5787,94
12649,34
4866,76
5129,44
2757,10
12163,05
11532,95
12661,20
6320,45
3433,84
14075,95
8187,67
3976,47
3635,87
12646,35
6170,49
10094,40
10028,09
10516,39
11565,30
1860,47
11668,97
8306,29
6175,92
29,17
11905,79
11942,12
4080,55
7430,97
3957,06
11199,13
9821,08
13323,68
6954,04
1799,64
11303,58
6004,58
13242,78
473,42
5848,55
9305,69
14155,15
5850,34
13379,06
3986,25
3225,41
5081,69
2876,71
8376,28
4764,91
3136,30
13752,02
8274,01
8338,33
327,87
3087,23
6098,51
11078,93
5202,11
2078,76
3891,09
4010,70
10089,60
2929,91
1111,02
8875,26
6635,26
1658,66
13332,10
3561,43
12086,49
2047,72
8909,93
11193,49
12010,85
11720,45
1977,63
12679,12
11361,79
14714,98
10030,28
13518,43
14622,02
8146,01
1383,60
12547,01
7824,50
9414,17
7889,08
8579,69
7996,87
1275,87
360,56
2270,95
8596,35
5595,08
3637,65
5713,46
13483,48
13988,25
4335,23
14874,80
4670,86
3478,33
5924,60
3611,26
11336,87
1408,21
4102,72
5107,59
1344,16
13999,68
10714,98
8655,12
12233,98
4145,37
9901,26
1853,53
8754,62
1247,54
91,81
5474,25
3055,58
7396,40
1130,71
1849,71
8693,63
4354,08
10959,17
8841,60
13194,69
7175,02
14000,24
9847,58
10599,66
1064,37
11433,31
12266,85
4664,68
14495,39
14381,45
593,03
1378,19
1266,13
9864,79
7591,88
286,24
2179,95
13935,28
3069,16
5267,77
9374,91
7510,11
7960,05
11539,11
11122,34
9889,56
6040,14
6093,19
7125,57
11263,95
14625,26
14452,35
4075,71
11466,48
1800,25
12525,75
1510,45
501,81
12119,40
8802,81
14489,58
4841,69
11388,21
14767,56
7665,51
5565,96
1740,80
5910,89
3024,45
8249,10
7067,04
6261,22
9796,07
9818,32
9201,71
1985,18
7696,88
