22
74
73
53
26
28
51
51
15
69
86
54
64
28
53
56
74
28
78
17
27
87
16
35
23
29
24
22
82
15
21
18
53
22
21
37
69
30
21
63
23
19
21
81
68
24
21
25
29
71
83
24
59
21
21
51
53
23
44
85
28
87
16
44
21
27
15
48
63
18
27
65
24
51
15
62
16
63
15
28
87
24
29
25
18
66
64
62
56
15
88
15
31
55
80
36
86
25
41
80
36
15
47
19
33
83
42
19
70
24
16
15
28
23
60
27
47
22
21
80
16
87
65
65
88
22
83
25
18
16
47
28
18
23
58
87
20
41
18
29
52
51
28
67
46
19
27
24
26
47
80
28
26
74
40
20
71
19
23
84
48
56
22
18
22
16
16
25
31
24
59
31
15
24
75
21
17
19
70
20
83
37
54
75
24
71
22
48
60
52
27
58
50
69
15
35
23
20
44
56
89
16
21
29
20
68
17
31
26
28
45
66
57
60
16
20
61
56
16
74
21
29
68
44
19
29
29
83
25
59
25
22
86
40
21
17
52
88
23
29
28
15
21
77
28
29
34
47
67
25
55
33
83
81
84
61
21
30
43
25
58
51
21
20
89
22
20
15
61
19
37
23
24
18
20
16
86
24
18
81
49
23
18
37
15
15
15
27
16
20
31
15
28
18
51
25
73
66
25
17
29
26
21
80
81
89
23
73
20
71
19
17
16
60
82
23
61
30
27
19
25
18
25
24
24
68
66
29
50
28
28
27
80
30
69
70
49
69
21
79
43
18
40
66
24
32
84
52
23
21
60
40
84
22
44
74
36
79
84
24
15
35
17
76
76
35
82
19
31
22
21
36
20
62
26
77
61
86
21
68
20
23
89
43
23
47
20
75
21
26
77
22
22
18
29
86
20
63
72
85
58
55
50
27
26
69
36
69
29
19
58
45
16
23
89
70
37
20
68
40
29
30
40
16
78
56
16
72
53
60
27
75
21
79
15
65
15
39
17
24
15
63
28
81
24
85
19
27
29
86
44
75
77
36
24
65
22
76
19
83
52
86
83
21
79
51
22
57
15
28
23
54
16
19
59
50
40
24
20
27
22
27
39
28
47
15
18
48
58
50
36
29
20
40
85
28
17
29
23
69
45
45
42
38
20
18
19
67
62
76
74
23
20
42
56
85
26
54
72
69
63
81
26
25
78
18
41
81
85
65
21
16
22
45
28
86
58
73
80
78
17
29
19
25
28
16
66
60
22
77
22
44
46
65
81
38
36
66
18
16
17
80
32
41
19
74
20
17
25
29
29
65
18
65
77
71
62
45
16
18
74
55
50
53
79
75
34
82
26
59
72
28
80
25
23
27
64
17
16
25
43
29
68
80
50
61
32
31
20
17
16
78
24
24
67
29
74
17
88
75
32
86
69
51
46
89
74
24
22
81
22
15
54
77
27
79
72
17
62
60
65
17
19
23
21
30
15
78
16
38
17
62
20
36
28
33
19
65
72
18
18
20
27
85
51
81
19
27
78
24
24
21
21
43
42
42
28
29
18
26
17
16
21
53
33
28
15
42
48
48
36
17
85
17
72
38
27
19
81
15
27
68
63
26
85
18
86
29
71
23
37
35
35
16
24
89
81
25
29
89
56
37
22
18
35
54
23
22
61
32
64
34
24
82
28
28
18
69
42
25
16
36
17
88
18
47
25
23
29
27
37
17
15
22
59
28
24
57
26
26
27
36
23
16
83
69
31
16
19
88
69
29
18
21
71
45
83
19
76
21
86
60
17
21
28
34
75
22
47
66
38
24
50
42
20
30
40
79
20
26
20
23
76
25
24
26
18
26
61
19
27
23
16
16
22
20
76
31
77
75
23
57
18
45
40
57
29
22
67
71
19
24
61
32
16
24
69
57
16
25
23
85
28
29
27
71
26
21
17
72
29
73
48
23
23
17
16
40
59
61
34
20
23
22
19
50
88
78
50
87
33
19
78
70
21
70
27
28
29
57
25
38
36
24
29
82
20
22
48
72
56
75
31
16
63
29
36
16
18
18
23
59
37
23
18
21
17
63
24
57
59
64
22
79
43
38
27
80
28
74
29
26
15
22
78
32
56
16
56
81
29
85
21
20
15
59
87
15
23
44
17
38
25
81
70
24
84
81
69
28
42
72
16
40
18
60
75
87
16
22
29
73
45
24
40
34
23
46
15
25
26
63
22
27
81
27
24
41
18
15
58
27
77
32
41
25
24
70
27
26
57
60
15
20
26
23
58
57
23
28