66
90
59
91
78
52
78
54
51
72
54
113
61
61
78
95
84
82
75
50
99
91
61
68
68
101
91
92
119
50
116
72
82
79
94
61
101
119
80
68
59
91
105
88
97
73
118
116
53
115
74
96
104
50
109
73
119
71
107
72
59
86
115
59
68
119
108
103
92
65
98
100
105
64
65
101
77
107
83
81
103
72
107
99
56
60
85
118
52
112
65
106
111
114
114
91
74
79
68
100
108
115
117
79
76
85
116
73
103
63
53
114
57
103
77
51
110
99
70
73
115
91
100
114
116
116
108
106
100
108
57
77
79
79
114
71
70
107
70
102
51
80
92
93
91
71
84
104
114
87
98
63
68
72
67
96
116
106
51
78
58
51
108
82
105
54
72
80
69
115
64
53
97
108
81
64
92
64
90
70
95
80
75
104
94
115
68
117
86
94
76
59
84
76
118
79
70
103
85
80
62
108
70
64
77
56
119
50
68
87
87
61
54
51
68
103
52
91
78
87
109
72
109
103
85
55
64
73
117
82
56
59
102
104
69
103
51
104
106
82
101
115
76
97
65
51
115
89
74
75
94
60
70
85
118
57
79
84
92
107
89
119
118
81
115
76
92
88
115
115
114
112
98
98
61
75
112
96
58
115
61
57
73
118
78
109
111
80
67
111
68
74
106
62
83
92
66
66
69
106
96
117
71
77
52
119
64
118
76
78
92
96
105
89
113
78
57
89
73
51
53
71
56
99
112
58
110
83
74
92
51
85
92
107
97
60
112
89
86
87
100
115
74
95
90
103
83
111
55
61
69
53
88
106
109
103
69
108
54
73
59
79
92
110
64
74
87
108
107
77
80
105
53
71
100
64
80
91
113
59
91
86
73
95
51
108
81
85
97
53
92
95
105
84
87
67
66
119
79
77
72
106
94
102
65
80
63
89
97
96
52
94
72
56
107
70
75
116
91
67
72
72
109
75
67
51
110
61
75
93
83
118
88
106
65
95
99
106
60
97
50
81
60
68
94
82
112
76
85
98
83
59
83
71
81
65
106
74
72
92
119
101
61
61
71
89
69
52
103
82
117
69
108
96
106
69
50
59
111
53
114
108
114
118
63
80
55
83
58
115
101
94
74
107
75
83
69
67
82
61
103
58
72
57
109
107
102
84
100
84
118
74
92
100
96
60
75
94
77
103
73
91
92
60
105
51
91
54
83
57
116
94
112
101
111
84
102
59
62
98
107
61
62
87
54
51
112
112
114
86
64
70
84
117
119
52
74
50
90
97
52
97
96
64
118
59
52
59
74
95
68
76
74
80
77
97
103
92
56
109
78
95
51
68
66
72
92
77
93
61
51
113
59
83
97
54
99
50
54
58
108
89
114
98
99
55
109
86
97
104
57
102
97
61
100
84
99
81
66
61
107
115
92
96
68
97
111
52
112
59
78
67
73
111
99
89
82
77
103
87
60
93
77
84
119
88
85
74
97
50
75
115
54
85
70
111
97
64
119
75
68
105
74
85
96
65
63
66
65
79
67
76
54
102
95
74
63
105
60
114
54
114
118
117
50
97
110
85
60
56
93
83
64
84
103
112
81
50
75
111
110
86
80
74
57
64
90
83
70
98
80
78
84
62
102
91
92
51
97
100
118
115
107
63
119
114
69
84
73
105
78
89
118
56
113
74
79
92
118
96
61
79
112
104
71
104
77
100
68
69
98
77
59
102
99
54
60
63
90
97
93
110
100
84
90
92
73
115
83
94
50
76
95
74
101
100
94
50
71
94
57
50
104
109
108
52
78
50
56
68
117
98
116
57
59
74
52
114
77
95
61
97
106
119
98
63
59
103
115
113
75
60
87
82
64
103
66
52
66
64
118
95
71
81
79
61
79
56
70
102
114
97
58
101
67
67
119
68
93
97
89
51
60
108
59
103
81
85
76
72
61
64
115
77
119
87
113
100
52
109
71
80
69
93
77
94
53
57
94
59
106
63
101
76
68
94
97
66
65
84
84
90
82
73
72
67
76
87
85
64
56
56
102
119
55
96
66
81
51
97
65
76
79
111
96
102
115
98
83
61
99
118
79
97
96
71
83
62
72
85
79
91
98
56
117
78
119
111
68
61
99
82
52
102
80
68
52
56
115
75
116
90
60
51
76
116
100
55
90
52
53
108
118
88
71
95
60
53
50
110
105
90
56
117
93
81
90
71
93
75
97
90
82
80
92
98
113
101
82
54
99
86
66
67
111
103
93
119
109
90
102
87
79
88
103
70
87
101
53
54